1070102	23.00
1070103	23.00
1070104	23.00
1070105	23.10
1070108	23.15
1070109	23.00
1070110	23.00
1070111	22.90
1070112	23.15
1070115	23.05
1070116	23.05
1070117	23.05
1070118	23.00
1070119	23.00
1070122	22.90
1070123	22.90
1070124	23.00
1070125	22.95
1070126	22.95
1070129	22.95
1070130	22.85
1070131	22.85
1070201	22.85
1070202	22.80
1070205	22.60
1070206	22.10
1070207	22.15
1070208	22.30
1070209	21.95
1070212	21.90
1070221	22.10
1070222	22.10
1070223	22.30
1070226	22.30
1070227	22.45
1070301	22.30
1070302	22.25
1070305	22.20
1070306	22.15
1070307	22.15
1070308	22.15
1070309	22.30
1070312	22.20
1070313	22.40
1070314	22.30
1070315	22.30
1070316	22.00
1070319	22.20
1070320	22.15
1070321	22.15
1070322	22.15
1070323	22.00
1070326	22.00
1070327	22.25
1070328	22.10
1070329	22.15
1070330	22.25
1070331	22.30
1070402	22.35
1070403	22.35
1070409	22.30
1070410	22.25
1070411	22.20
1070412	22.30
1070413	22.20
1070416	22.10
1070417	21.95
1070418	21.90
1070419	21.95
1070420	22.00
1070423	22.00
1070424	21.95
1070425	21.95
1070426	21.90
1070427	21.95
1070430	22.00
1070502	22.00
1070503	22.00
1070504	21.90
1070507	21.95
1070508	22.05
1070509	21.95
1070510	22.00
1070511	22.10
1070514	22.00
1070515	21.45
1070516	21.50
1070517	21.60
1070518	21.55
1070521	21.60
1070522	21.60
1070523	21.45
1070524	21.45
1070525	21.40
1070528	21.40
1070529	21.30
1070530	21.20
1070531	21.10
1070601	21.30
1070604	21.30
1070605	21.40
1070606	21.40
1070607	21.40
1070608	21.40
1070611	21.35
1070612	21.20
1070613	21.20
1070614	21.15
1070615	21.15
1070619	21.05
1070620	20.90
1070621	20.85
1070622	20.85
1070625	20.75
1070626	20.45
1070627	20.30
1070628	20.10
1070629	20.10
1070702	20.10
1070703	19.95
1070704	20.00
1070705	20.00
1070706	20.00
1070709	20.15
1070710	19.15
1070711	19.20
1070712	19.15
1070713	19.20
1070716	19.25
1070717	19.15
1070718	19.30
1070719	19.50
1070720	19.65
1070723	19.65
1070724	19.75
1070725	19.75
1070726	19.90
1070727	19.85
1070730	19.95
1070731	19.95
1070801	20.00
1070802	19.90
1070803	19.90
1070806	19.95
1070807	19.90
1070808	20.00
1070809	20.00
1070810	20.00
1070813	19.70
1070814	19.75
1070815	20.20
1070816	20.15
1070817	20.15
1070820	20.20
1070821	20.30
1070822	20.15
1070823	20.15
1070824	20.15
1070827	20.05
1070828	20.25
1070829	20.30
1070830	20.30
1070831	20.50
1070903	20.35
1070904	20.20
1070905	20.20
1070906	20.20
1070907	20.15
1070910	20.15
1070911	20.20
1070912	20.15
1070913	20.30
1070914	20.40
1070917	20.40
1070918	20.40
1070919	20.55
1070920	20.25
1070921	20.25
1070925	20.30
1070926	20.25
1070927	20.20
1070928	20.20
1071001	20.35
1071002	20.30
1071003	20.20
1071004	20.15
1071005	19.95
1071008	19.95
1071009	20.00
1071011	19.30
1071012	19.25
1071015	19.35
1071016	19.30
1071017	19.30
1071018	19.30
1071019	19.20
1071022	19.25
1071023	19.15
1071024	19.00
1071025	18.75
1071026	18.80
1071029	18.75
1071030	18.50
1071031	18.75
1071101	19.00
1071102	18.95
1071105	19.05
1071106	18.95
1071107	19.00
1071108	19.00
1071109	19.15
1071112	19.15
1071113	19.10
1071114	19.20
1071115	19.15
1071116	19.25
1071119	19.25
1071120	19.25
1071121	19.15
1071122	19.15
1071123	19.15
1071126	19.25
1071127	19.20
1071128	19.15
1071129	19.25
1071130	18.95
1071203	19.30
1071204	19.40
1071205	19.35
1071206	19.10
1071207	19.20
1071210	19.05
1071211	19.10
1071212	19.20
1071213	19.20
1071214	19.05
1071217	19.15
1071218	19.05
1071219	18.90
1071220	18.80
1071221	18.80
1071222	18.85
1071224	18.85
1071225	18.75
1071226	18.80
1071227	18.90
1071228	18.90
1080102	18.90
1080103	18.90
1080104	18.75
1080107	18.85
1080108	18.75
1080109	18.95
1080110	18.95
1080111	18.95
1080114	18.95
1080115	18.80
1080116	18.90
1080117	18.85
1080118	18.90
1080121	18.95
1080122	18.95
1080123	18.90
1080124	19.05
1080125	19.10
1080128	19.20
1080129	19.10
1080130	19.30
1080211	19.30
1080212	19.25
1080213	19.25
1080214	19.25
1080215	19.25
1080218	19.30
1080219	19.35
1080220	19.40
1080221	19.35
1080222	19.45
1080225	19.40
1080226	19.40
1080227	19.40
1080304	19.95
1080305	20.00
1080306	20.00
1080307	19.85
1080308	19.85
1080311	19.80
1080312	19.80
1080313	19.80
1080314	19.70
1080315	19.60
1080318	19.80
1080319	19.65
1080320	19.80
1080321	19.70
1080322	19.70
1080325	19.70
1080326	19.85
1080327	19.75
1080328	19.70
1080329	19.70
1080401	19.75
1080402	19.80
1080403	19.85
1080408	19.90
1080409	19.80
1080410	19.75
1080411	19.85
1080412	19.90
1080415	19.90
1080416	19.85
1080417	19.95
1080418	19.80
1080419	19.90
1080422	19.95
1080423	19.90
1080424	19.90
1080425	19.85
1080426	19.85
1080429	19.90
1080430	19.90
1080502	19.80
1080503	19.95
1080506	19.70
1080507	19.75
1080508	19.70
1080509	19.65
1080510	19.70
1080513	19.65
1080514	19.65
1080515	19.55
1080516	19.25
1080517	19.20
1080520	19.10
1080521	19.35
1080522	19.40
1080523	19.30
1080524	19.40
1080527	19.50
1080528	19.60
1080529	19.60
1080530	19.65
1080531	19.55
1080603	19.45
1080604	19.50
1080605	19.50
1080606	19.45
1080610	19.60
1080611	19.55
1080612	19.50
1080613	19.50
1080614	19.60
1080617	19.60
1080618	19.60
1080619	19.80
1080620	19.80
1080621	19.70
1080624	19.80
1080625	19.90
1080626	19.95
1080627	20.00
1080628	19.95
