1070102	74.30
1070103	74.80
1070104	75.00
1070105	74.90
1070108	75.00
1070109	75.00
1070110	74.80
1070111	75.10
1070112	75.00
1070115	75.00
1070116	75.00
1070117	75.00
1070118	75.00
1070119	74.60
1070122	75.20
1070123	75.20
1070124	75.00
1070125	75.00
1070126	74.90
1070129	75.00
1070130	74.70
1070131	74.80
1070201	74.80
1070202	74.00
1070205	73.10
1070206	69.90
1070207	70.50
1070208	70.50
1070209	68.80
1070212	68.30
1070221	69.00
1070222	69.00
1070223	68.90
1070226	69.10
1070227	68.60
1070301	67.70
1070302	67.40
1070305	67.80
1070306	68.00
1070307	67.60
1070308	67.80
1070309	67.90
1070312	68.00
1070313	68.50
1070314	67.80
1070315	67.90
1070316	67.60
1070319	67.60
1070320	67.70
1070321	68.30
1070322	68.30
1070323	67.30
1070326	66.00
1070327	67.10
1070328	68.20
1070329	68.30
1070330	68.10
1070331	67.80
1070402	68.40
1070403	69.40
1070409	70.10
1070410	70.20
1070411	69.10
1070412	68.00
1070413	67.70
1070416	67.60
1070417	67.40
1070418	67.30
1070419	67.50
1070420	67.50
1070423	67.50
1070424	67.00
1070425	66.40
1070426	66.40
1070427	66.90
1070430	66.60
1070502	67.40
1070503	66.40
1070504	66.00
1070507	65.00
1070508	65.00
1070509	65.00
1070510	64.00
1070511	62.50
1070514	60.20
1070515	59.20
1070516	59.00
1070517	59.70
1070518	59.70
1070521	60.00
1070522	59.90
1070523	59.10
1070524	59.10
1070525	59.40
1070528	59.20
1070529	60.20
1070530	59.80
1070531	61.20
1070601	60.70
1070604	62.50
1070605	63.20
1070606	63.20
1070607	63.30
1070608	62.70
1070611	61.60
1070612	63.00
1070613	62.00
1070614	61.40
1070615	62.90
1070619	62.10
1070620	63.00
1070621	62.60
1070622	62.20
1070625	62.30
1070626	62.60
1070627	61.80
1070628	61.80
1070629	61.70
1070702	61.90
1070703	61.50
1070704	62.40
1070705	62.30
1070706	61.20
1070709	60.10
1070710	61.60
1070711	60.70
1070712	62.20
1070713	62.20
1070716	62.10
1070717	61.80
1070718	62.70
1070719	61.20
1070720	60.80
1070723	60.40
1070724	60.50
1070725	59.90
1070726	60.20
1070727	60.40
1070730	60.40
1070731	59.20
1070801	58.90
1070802	58.70
1070803	58.80
1070806	58.80
1070807	58.80
1070808	59.50
1070809	59.20
1070810	59.20
1070813	58.50
1070814	58.30
1070815	56.70
1070816	54.80
1070817	55.10
1070820	54.20
1070821	53.80
1070822	53.00
1070823	52.20
1070824	51.40
1070827	50.90
1070828	52.20
1070829	54.20
1070830	53.20
1070831	52.00
1070903	52.00
1070904	51.80
1070905	51.00
1070906	50.60
1070907	50.50
1070910	51.90
1070911	52.20
1070912	51.50
1070913	51.90
1070914	52.40
1070917	51.90
1070918	52.10
1070919	52.40
1070920	50.70
1070921	51.50
1070925	51.30
1070926	51.20
1070927	51.30
1070928	50.80
1071001	50.80
1071002	49.95
1071003	49.90
1071004	48.60
1071005	48.30
1071008	47.35
1071009	46.80
1071011	43.65
1071012	45.00
1071015	43.60
1071016	44.70
1071017	45.05
1071018	45.30
1071019	45.20
1071022	46.00
1071023	44.50
1071024	44.90
1071025	45.00
1071026	44.65
1071029	45.10
1071030	46.25
1071031	46.45
1071101	45.70
1071102	45.95
1071105	45.50
1071106	46.30
1071107	46.80
1071108	47.00
1071109	47.00
1071112	47.40
1071113	46.75
1071114	47.00
1071115	46.60
1071116	47.00
1071119	48.80
1071120	49.90
1071121	49.90
1071122	49.75
1071123	49.70
1071126	48.30
1071127	48.15
1071128	49.50
1071129	49.15
1071130	48.85
1071203	49.15
1071204	49.00
1071205	48.70
1071206	47.65
1071207	48.60
1071210	47.90
1071211	48.50
1071212	49.75
1071213	49.80
1071214	49.65
1071217	50.40
1071218	50.50
1071219	50.10
1071220	50.00
1071221	49.85
1071222	49.70
1071224	49.70
1071225	48.50
1071226	47.65
1071227	49.95
1071228	49.70
1080102	48.35
1080103	48.60
1080104	48.50
1080107	49.90
1080108	49.80
1080109	50.80
1080110	51.10
1080111	50.90
1080114	50.60
1080115	50.40
1080116	50.10
1080117	50.30
1080118	50.50
1080121	50.50
1080122	50.20
1080123	50.30
1080124	49.95
1080125	50.20
1080128	50.10
1080129	49.95
1080130	49.90
1080211	51.20
1080212	51.30
1080213	50.80
1080214	50.40
1080215	49.80
1080218	50.40
1080219	50.70
1080220	50.40
1080221	50.60
1080222	50.70
1080225	50.80
1080226	51.60
1080227	52.70
1080304	54.20
1080305	53.70
1080306	53.90
1080307	53.20
1080308	52.00
1080311	51.10
1080312	51.50
1080313	51.10
1080314	51.20
1080315	51.60
1080318	51.30
1080319	51.70
1080320	51.90
1080321	52.00
1080322	51.30
1080325	51.50
1080326	51.80
1080327	51.20
1080328	51.30
1080329	51.80
1080401	51.40
1080402	50.90
1080403	50.90
1080408	50.80
1080409	51.10
1080410	51.10
1080411	51.00
1080412	51.40
1080415	51.40
1080416	51.00
1080417	51.20
1080418	51.00
1080419	51.20
1080422	51.30
1080423	51.10
1080424	51.20
1080425	53.10
1080426	53.50
1080429	54.60
1080430	54.70
1080502	54.10
1080503	54.10
1080506	53.30
1080507	53.70
1080508	54.00
1080509	52.90
1080510	53.00
1080513	55.00
1080514	56.10
1080515	55.50
1080516	54.40
1080517	55.10
1080520	55.50
1080521	56.90
1080522	56.00
1080523	55.90
1080524	56.40
1080527	57.60
1080528	59.60
1080529	60.70
1080530	61.00
1080531	60.60
1080603	60.80
1080604	59.70
1080605	59.70
1080606	57.40
1080610	58.80
1080611	58.20
1080612	58.80
1080613	58.80
1080614	59.70
1080617	60.00
1080618	60.70
1080619	61.00
1080620	60.90
1080621	60.80
1080624	61.20
1080625	61.60
1080626	61.30
1080627	61.90
1080628	60.70
