1070102	103.50
1070103	103.50
1070104	104.50
1070105	104.00
1070108	105.50
1070109	110.00
1070110	108.00
1070111	109.00
1070112	108.50
1070115	109.00
1070116	108.50
1070117	108.00
1070118	109.00
1070119	107.50
1070122	109.00
1070123	109.00
1070124	107.50
1070125	109.00
1070126	111.00
1070129	114.50
1070130	109.50
1070131	109.00
1070201	110.50
1070202	107.00
1070205	107.50
1070206	103.00
1070207	107.50
1070208	108.50
1070209	105.50
1070212	105.50
1070221	109.50
1070222	106.50
1070223	109.00
1070226	109.00
1070227	108.50
1070301	106.00
1070302	105.00
1070305	105.00
1070306	106.00
1070307	105.50
1070308	105.50
1070309	105.50
1070312	107.50
1070313	107.00
1070314	107.50
1070315	107.00
1070316	110.00
1070319	109.50
1070320	110.50
1070321	111.00
1070322	111.00
1070323	110.00
1070326	109.50
1070327	110.00
1070328	109.00
1070329	109.00
1070330	108.50
1070331	108.50
1070402	107.50
1070403	107.50
1070409	112.00
1070410	112.50
1070411	111.50
1070412	110.50
1070413	110.00
1070416	109.50
1070417	108.00
1070418	108.50
1070419	109.50
1070420	109.00
1070423	108.00
1070424	107.00
1070425	107.50
1070426	108.50
1070427	108.50
1070430	109.50
1070502	110.50
1070503	109.50
1070504	109.00
1070507	110.50
1070508	111.00
1070509	110.00
1070510	110.50
1070511	114.50
1070514	114.50
1070515	112.50
1070516	115.50
1070517	117.50
1070518	117.50
1070521	118.00
1070522	116.50
1070523	116.50
1070524	117.00
1070525	115.00
1070528	117.00
1070529	117.50
1070530	116.50
1070531	115.00
1070601	115.00
1070604	117.00
1070605	115.50
1070606	115.50
1070607	116.50
1070608	116.00
1070611	116.00
1070612	116.00
1070613	115.50
1070614	113.50
1070615	112.50
1070619	111.00
1070620	114.50
1070621	115.50
1070622	117.50
1070625	118.00
1070626	118.00
1070627	118.00
1070628	117.50
1070629	121.50
1070702	123.50
1070703	124.00
1070704	127.00
1070705	116.50
1070706	113.00
1070709	115.50
1070710	114.50
1070711	114.00
1070712	114.00
1070713	115.50
1070716	114.50
1070717	112.50
1070718	113.50
1070719	113.00
1070720	113.00
1070723	114.00
1070724	116.00
1070725	115.50
1070726	118.00
1070727	118.50
1070730	118.50
1070731	120.50
1070801	120.00
1070802	118.00
1070803	118.50
1070806	119.00
1070807	120.00
1070808	121.00
1070809	119.50
1070810	119.00
1070813	117.00
1070814	118.00
1070815	118.00
1070816	118.50
1070817	118.00
1070820	117.50
1070821	119.00
1070822	120.00
1070823	123.00
1070824	121.50
1070827	123.50
1070828	123.00
1070829	122.00
1070830	121.50
1070831	123.00
1070903	120.00
1070904	121.50
1070905	120.00
1070906	119.50
1070907	120.00
1070910	118.50
1070911	118.50
1070912	118.00
1070913	120.50
1070914	121.50
1070917	121.00
1070918	121.00
1070919	122.00
1070920	122.00
1070921	128.00
1070925	126.50
1070926	125.00
1070927	127.50
1070928	128.00
1071001	128.50
1071002	127.00
1071003	124.50
1071004	124.00
1071005	120.50
1071008	121.50
1071009	124.00
1071011	114.00
1071012	118.50
1071015	115.50
1071016	115.50
1071017	114.50
1071018	114.00
1071019	113.50
1071022	114.50
1071023	113.00
1071024	112.00
1071025	107.50
1071026	107.50
1071029	108.50
1071030	108.00
1071031	112.00
1071101	110.00
1071102	109.00
1071105	111.50
1071106	110.00
1071107	110.50
1071108	110.00
1071109	107.50
1071112	107.50
1071113	106.50
1071114	106.00
1071115	107.50
1071116	108.00
1071119	108.00
1071120	107.50
1071121	107.00
1071122	107.50
1071123	107.00
1071126	106.50
1071127	104.50
1071128	104.50
1071129	104.50
1071130	106.50
1071203	107.50
1071204	107.00
1071205	106.00
1071206	105.50
1071207	105.50
1071210	105.00
1071211	104.50
1071212	105.50
1071213	105.50
1071214	105.00
1071217	105.50
1071218	105.50
1071219	106.00
1071220	106.00
1071221	105.00
1071222	105.00
1071224	103.00
1071225	101.50
1071226	100.00
1071227	102.50
1071228	105.00
1080102	99.70
1080103	100.00
1080104	99.80
1080107	104.50
1080108	107.00
1080109	108.50
1080110	107.00
1080111	106.00
1080114	106.00
1080115	106.00
1080116	105.50
1080117	106.50
1080118	106.50
1080121	108.00
1080122	108.00
1080123	106.50
1080124	105.00
1080125	107.50
1080128	107.50
1080129	106.00
1080130	106.50
1080211	103.50
1080212	104.50
1080213	103.50
1080214	104.00
1080215	104.00
1080218	104.00
1080219	104.50
1080220	105.50
1080221	105.50
1080222	106.00
1080225	107.00
1080226	106.00
1080227	105.50
1080304	106.50
1080305	106.50
1080306	107.50
1080307	108.50
1080308	108.50
1080311	108.00
1080312	108.50
1080313	108.00
1080314	107.50
1080315	108.00
1080318	109.50
1080319	109.50
1080320	108.50
1080321	109.50
1080322	109.00
1080325	108.50
1080326	109.00
1080327	110.00
1080328	109.50
1080329	112.00
1080401	110.00
1080402	110.00
1080403	109.00
1080408	109.00
1080409	109.00
1080410	108.50
1080411	110.00
1080412	108.50
1080415	108.50
1080416	108.50
1080417	108.50
1080418	109.00
1080419	108.50
1080422	109.00
1080423	109.00
1080424	108.50
1080425	109.50
1080426	110.50
1080429	111.00
1080430	111.00
1080502	113.00
1080503	112.00
1080506	111.00
1080507	109.50
1080508	108.50
1080509	106.00
1080510	107.00
1080513	106.50
1080514	106.00
1080515	106.00
1080516	106.00
1080517	106.00
1080520	107.00
1080521	107.50
1080522	107.00
1080523	106.50
1080524	106.00
1080527	106.50
1080528	106.50
1080529	106.50
1080530	107.00
1080531	107.50
1080603	106.50
1080604	106.50
1080605	107.50
1080606	107.50
1080610	107.50
1080611	108.00
1080612	109.50
1080613	110.50
1080614	110.50
1080617	110.50
1080618	111.50
1080619	112.00
1080620	111.00
1080621	110.00
1080624	111.00
1080625	110.00
1080626	102.00
1080627	104.00
1080628	103.00
