1070102	115.50
1070103	115.00
1070104	114.50
1070105	117.00
1070108	115.50
1070109	114.50
1070110	115.00
1070111	114.00
1070112	114.50
1070115	114.00
1070116	115.00
1070117	116.50
1070118	115.00
1070119	114.00
1070122	115.00
1070123	113.50
1070124	114.00
1070125	112.50
1070126	114.50
1070129	114.00
1070130	112.00
1070131	112.00
1070201	111.50
1070202	111.50
1070205	112.50
1070206	104.00
1070207	105.00
1070208	103.00
1070209	100.50
1070212	102.00
1070221	104.00
1070222	104.50
1070223	106.00
1070226	107.00
1070227	109.00
1070301	107.50
1070302	106.50
1070305	106.50
1070306	106.50
1070307	106.00
1070308	107.00
1070309	106.00
1070312	106.50
1070313	107.00
1070314	106.50
1070315	107.00
1070316	106.50
1070319	106.50
1070320	106.50
1070321	108.00
1070322	106.00
1070323	103.00
1070326	104.00
1070327	112.00
1070328	108.50
1070329	107.50
1070330	108.00
1070331	108.00
1070402	107.00
1070403	105.50
1070409	105.50
1070410	106.50
1070411	106.50
1070412	105.00
1070413	105.00
1070416	104.50
1070417	103.50
1070418	104.50
1070419	103.50
1070420	104.00
1070423	102.50
1070424	102.50
1070425	101.50
1070426	100.00
1070427	101.00
1070430	103.00
1070502	101.50
1070503	101.50
1070504	101.50
1070507	102.00
1070508	102.00
1070509	101.50
1070510	102.00
1070511	102.00
1070514	103.50
1070515	107.00
1070516	106.00
1070517	104.50
1070518	103.50
1070521	104.00
1070522	104.50
1070523	103.00
1070524	103.00
1070525	102.50
1070528	103.50
1070529	102.00
1070530	102.00
1070531	104.00
1070601	104.50
1070604	105.00
1070605	104.50
1070606	106.00
1070607	107.00
1070608	105.50
1070611	105.50
1070612	104.50
1070613	103.50
1070614	103.50
1070615	105.00
1070619	103.50
1070620	102.50
1070621	102.00
1070622	102.50
1070625	101.50
1070626	100.00
1070627	100.50
1070628	99.60
1070629	103.00
1070702	102.00
1070703	100.50
1070704	100.50
1070705	99.70
1070706	100.00
1070709	100.50
1070710	100.00
1070711	101.00
1070712	99.70
1070713	102.00
1070716	102.00
1070717	101.50
1070718	100.50
1070719	100.50
1070720	99.50
1070723	98.10
1070724	98.10
1070725	98.70
1070726	98.40
1070727	98.60
1070730	97.70
1070731	97.50
1070801	100.50
1070802	98.80
1070803	99.80
1070806	99.40
1070807	98.10
1070808	97.80
1070809	96.20
1070810	94.00
1070813	89.30
1070814	91.80
1070815	91.20
1070816	90.70
1070817	90.30
1070820	88.40
1070821	88.50
1070822	88.50
1070823	88.40
1070824	86.00
1070827	88.20
1070828	93.00
1070829	92.00
1070830	91.00
1070831	92.00
1070903	90.50
1070904	90.60
1070905	90.50
1070906	89.30
1070907	87.70
1070910	85.60
1070911	86.00
1070912	82.70
1070913	83.90
1070914	86.50
1070917	86.40
1070918	86.30
1070919	87.10
1070920	85.20
1070921	86.00
1070925	86.10
1070926	85.80
1070927	85.20
1070928	85.00
1071001	86.50
1071002	86.80
1071003	86.00
1071004	84.00
1071005	82.00
1071008	82.00
1071009	81.50
1071011	73.40
1071012	73.80
1071015	73.50
1071016	72.70
1071017	71.80
1071018	71.30
1071019	70.20
1071022	73.30
1071023	71.10
1071024	71.30
1071025	69.10
1071026	69.90
1071029	70.00
1071030	70.30
1071031	71.40
1071101	73.20
1071102	75.30
1071105	75.80
1071106	73.30
1071107	74.50
1071108	73.00
1071109	72.10
1071112	71.00
1071113	71.00
1071114	70.00
1071115	70.00
1071116	72.50
1071119	72.10
1071120	71.60
1071121	71.30
1071122	69.80
1071123	69.00
1071126	69.20
1071127	70.50
1071128	70.80
1071129	70.60
1071130	73.40
1071203	76.30
1071204	76.40
1071205	77.20
1071206	73.20
1071207	74.00
1071210	74.20
1071211	77.10
1071212	78.20
1071213	77.70
1071214	77.20
1071217	79.70
1071218	78.10
1071219	78.70
1071220	75.90
1071221	75.90
1071222	76.80
1071224	77.20
1071225	75.00
1071226	73.10
1071227	75.20
1071228	75.10
1080102	74.60
1080103	74.20
1080104	73.30
1080107	73.70
1080108	73.50
1080109	74.30
1080110	72.10
1080111	72.90
1080114	72.50
1080115	75.50
1080116	75.50
1080117	75.80
1080118	76.20
1080121	76.50
1080122	76.00
1080123	76.10
1080124	76.10
1080125	76.00
1080128	76.50
1080129	76.60
1080130	76.60
1080211	76.80
1080212	77.80
1080213	79.00
1080214	80.20
1080215	79.40
1080218	79.40
1080219	79.90
1080220	79.50
1080221	79.00
1080222	79.00
1080225	79.50
1080226	79.70
1080227	79.40
1080304	80.10
1080305	79.30
1080306	79.30
1080307	78.60
1080308	77.50
1080311	77.20
1080312	76.90
1080313	76.60
1080314	77.50
1080315	77.30
1080318	76.90
1080319	77.10
1080320	79.50
1080321	78.80
1080322	78.30
1080325	77.30
1080326	75.30
1080327	74.90
1080328	74.90
1080329	75.00
1080401	75.10
1080402	75.00
1080403	75.00
1080408	75.10
1080409	75.20
1080410	75.70
1080411	76.40
1080412	75.60
1080415	77.70
1080416	77.90
1080417	78.00
1080418	76.70
1080419	76.30
1080422	76.10
1080423	75.50
1080424	75.20
1080425	75.10
1080426	74.10
1080429	72.70
1080430	74.80
1080502	75.80
1080503	75.80
1080506	73.80
1080507	73.60
1080508	72.30
1080509	70.90
1080510	69.50
1080513	66.70
1080514	66.20
1080515	67.50
1080516	66.60
1080517	65.00
1080520	64.30
1080521	65.60
1080522	65.20
1080523	63.20
1080524	63.80
1080527	64.10
1080528	63.90
1080529	63.20
1080530	63.30
1080531	64.40
1080603	63.30
1080604	64.00
1080605	64.40
1080606	63.50
1080610	63.50
1080611	64.20
1080612	65.10
1080613	65.50
1080614	65.80
1080617	65.00
1080618	65.00
1080619	65.90
1080620	66.00
1080621	66.00
1080624	65.80
1080625	64.80
1080626	65.40
1080627	66.00
1080628	66.80
