1070102	20.55
1070103	20.70
1070104	20.85
1070105	21.25
1070108	20.65
1070109	20.80
1070110	20.80
1070111	20.50
1070112	20.50
1070115	20.70
1070116	20.60
1070117	20.85
1070118	20.85
1070119	20.40
1070122	20.15
1070123	20.90
1070124	20.60
1070125	20.60
1070126	20.35
1070129	20.15
1070130	20.25
1070131	20.25
1070201	20.15
1070202	20.00
1070205	20.00
1070206	20.40
1070207	20.75
1070208	20.70
1070209	20.80
1070212	22.85
1070221	23.65
1070222	23.75
1070223	25.10
1070226	26.05
1070227	23.60
1070301	23.30
1070302	22.65
1070305	21.30
1070306	21.50
1070307	22.35
1070308	24.00
1070309	24.00
1070312	23.80
1070313	24.60
1070314	24.85
1070315	25.20
1070316	25.20
1070319	25.50
1070320	25.50
1070321	25.90
1070322	26.40
1070323	26.70
1070326	27.85
1070327	28.75
1070328	28.65
1070329	28.50
1070330	27.75
1070331	28.15
1070402	30.20
1070403	30.95
1070409	33.65
1070410	33.00
1070411	35.75
1070412	38.50
1070413	38.80
1070416	42.65
1070417	43.20
1070418	43.15
1070419	40.30
1070420	42.95
1070423	43.70
1070424	42.10
1070425	44.70
1070426	44.30
1070427	45.25
1070430	49.75
1070502	52.20
1070503	52.00
1070504	51.60
1070507	50.00
1070508	45.00
1070509	45.20
1070510	49.70
1070511	50.60
1070514	49.00
1070515	48.35
1070516	47.30
1070517	46.00
1070518	45.00
1070521	42.30
1070522	39.05
1070523	42.95
1070524	40.95
1070525	39.05
1070528	39.05
1070529	39.10
1070530	37.45
1070531	37.55
1070601	38.60
1070604	39.50
1070605	40.10
1070606	44.10
1070607	44.10
1070608	42.45
1070611	42.70
1070612	41.65
1070613	41.45
1070614	43.40
1070615	43.00
1070619	42.10
1070620	40.25
1070621	39.50
1070622	40.60
1070625	39.10
1070626	41.35
1070627	41.10
1070628	39.20
1070629	39.70
1070702	39.25
1070703	38.00
1070704	38.25
1070705	38.00
1070706	37.65
1070709	36.00
1070710	34.25
1070711	34.50
1070712	34.35
1070713	33.10
1070716	33.70
1070717	32.10
1070718	31.80
1070719	32.75
1070720	32.80
1070723	32.00
1070724	31.95
1070725	31.40
1070726	31.65
1070727	31.60
1070730	30.70
1070731	30.75
1070801	31.35
1070802	30.10
1070803	30.45
1070806	30.40
1070807	28.60
1070808	27.00
1070809	26.00
1070810	25.95
1070813	24.95
1070814	27.40
1070815	30.10
1070816	31.95
1070817	31.00
1070820	31.85
1070821	30.55
1070822	30.40
1070823	29.30
1070824	26.60
1070827	27.40
1070828	27.85
1070829	27.70
1070830	26.95
1070831	27.20
1070903	26.85
1070904	26.00
1070905	25.30
1070906	26.45
1070907	28.00
1070910	26.75
1070911	26.70
1070912	25.60
1070913	25.85
1070914	26.00
1070917	26.05
1070918	26.65
1070919	27.90
1070920	27.10
1070921	27.70
1070925	29.50
1070926	28.75
1070927	30.40
1070928	30.30
1071001	30.65
1071002	30.50
1071003	29.50
1071004	29.50
1071005	28.00
1071008	27.45
1071009	26.50
1071011	28.20
1071012	31.00
1071015	34.10
1071016	35.00
1071017	38.50
1071018	38.20
1071019	34.40
1071022	33.40
1071023	33.85
1071024	33.40
1071025	30.30
1071026	29.45
1071029	29.80
1071030	30.95
1071031	32.35
1071101	31.00
1071102	30.55
1071105	31.20
1071106	30.40
1071107	30.95
1071108	31.10
1071109	31.15
1071112	31.50
1071113	31.00
1071114	31.80
1071115	34.95
1071116	35.20
1071119	35.10
1071120	35.75
1071121	36.05
1071122	34.20
1071123	33.60
1071126	35.40
1071127	36.65
1071128	34.60
1071129	33.20
1071130	33.55
1071203	34.00
1071204	34.00
1071205	33.05
1071206	31.90
1071207	32.35
1071210	31.70
1071211	34.85
1071212	34.75
1071213	33.40
1071214	34.60
1071217	35.00
1071218	36.40
1071219	36.80
1071220	37.00
1071221	--
1071222	34.30
1071224	32.80
1071225	32.90
1071226	32.85
1071227	32.90
1071228	33.55
1080102	33.05
1080103	32.60
1080104	32.80
1080107	32.80
1080108	32.95
1080109	33.00
1080110	32.90
1080111	32.90
1080114	33.10
1080115	32.90
1080116	32.85
1080117	32.80
1080118	33.90
1080121	34.30
1080122	33.10
1080123	33.25
1080124	32.95
1080125	32.85
1080128	32.85
1080129	32.70
1080130	32.70
1080211	32.70
1080212	33.90
1080213	33.00
1080214	32.95
1080215	32.45
1080218	32.35
1080219	32.20
1080220	32.10
1080221	32.15
1080222	31.00
1080225	31.20
1080226	31.20
1080227	30.80
1080304	31.20
1080305	31.10
1080306	30.15
1080307	29.15
1080308	30.00
1080311	29.25
1080312	28.90
1080313	29.05
1080314	28.90
1080315	28.55
1080318	29.50
1080319	29.15
1080320	29.45
1080321	29.05
1080322	29.00
1080325	28.95
1080326	28.95
1080327	29.00
1080328	31.90
1080329	31.70
1080401	32.30
1080402	31.60
1080403	31.40
1080408	30.90
1080409	30.45
1080410	30.20
1080411	30.45
1080412	30.10
1080415	30.15
1080416	29.95
1080417	30.90
1080418	29.50
1080419	29.60
1080422	31.15
1080423	31.00
1080424	32.00
1080425	34.30
1080426	34.90
1080429	31.80
1080430	33.90
1080502	34.30
1080503	33.50
1080506	33.50
1080507	34.60
1080508	34.80
1080509	32.75
1080510	33.35
1080513	32.15
1080514	32.20
1080515	31.15
1080516	29.95
1080517	30.05
1080520	29.90
1080521	30.40
1080522	30.30
1080523	29.70
1080524	30.30
1080527	30.45
1080528	30.65
1080529	30.45
1080530	30.50
1080531	30.60
1080603	31.20
1080604	31.05
1080605	30.85
1080606	30.80
1080610	31.45
1080611	31.45
1080612	31.25
1080613	31.50
1080614	31.40
1080617	31.45
1080618	31.60
1080619	31.95
1080620	32.10
1080621	31.50
1080624	31.90
1080625	31.70
1080626	31.55
1080627	31.50
1080628	31.45
