1070102	28.55
1070103	28.55
1070104	28.60
1070105	28.50
1070108	28.60
1070109	28.80
1070110	28.70
1070111	28.45
1070112	28.35
1070115	28.35
1070116	28.65
1070117	29.00
1070118	28.95
1070119	28.80
1070122	28.90
1070123	28.85
1070124	28.95
1070125	29.15
1070126	29.10
1070129	28.85
1070130	28.30
1070131	28.10
1070201	28.00
1070202	28.00
1070205	27.50
1070206	25.00
1070207	25.95
1070208	25.90
1070209	24.95
1070212	25.45
1070221	26.90
1070222	26.30
1070223	26.50
1070226	26.45
1070227	26.50
1070301	26.00
1070302	26.05
1070305	26.00
1070306	26.05
1070307	25.80
1070308	26.35
1070309	26.85
1070312	27.05
1070313	27.10
1070314	26.40
1070315	25.90
1070316	24.65
1070319	24.45
1070320	24.55
1070321	24.45
1070322	24.50
1070323	24.00
1070326	24.25
1070327	24.30
1070328	24.05
1070329	24.05
1070330	24.70
1070331	24.55
1070402	24.65
1070403	24.45
1070409	24.95
1070410	24.45
1070411	24.75
1070412	24.90
1070413	24.45
1070416	24.15
1070417	24.15
1070418	24.45
1070419	24.50
1070420	24.50
1070423	24.60
1070424	24.15
1070425	24.15
1070426	24.10
1070427	24.15
1070430	24.15
1070502	24.20
1070503	24.05
1070504	23.95
1070507	23.95
1070508	24.05
1070509	24.05
1070510	24.15
1070511	24.25
1070514	24.35
1070515	24.65
1070516	24.50
1070517	24.45
1070518	24.55
1070521	24.65
1070522	24.55
1070523	24.25
1070524	24.50
1070525	24.25
1070528	24.10
1070529	24.15
1070530	23.95
1070531	24.15
1070601	24.15
1070604	24.20
1070605	24.10
1070606	24.20
1070607	24.30
1070608	24.20
1070611	24.10
1070612	24.00
1070613	24.15
1070614	23.95
1070615	23.85
1070619	23.40
1070620	23.40
1070621	23.25
1070622	23.10
1070625	23.15
1070626	23.00
1070627	22.95
1070628	22.80
1070629	22.90
1070702	22.85
1070703	22.70
1070704	22.70
1070705	21.75
1070706	21.65
1070709	21.85
1070710	21.75
1070711	21.80
1070712	21.85
1070713	22.20
1070716	22.10
1070717	22.40
1070718	22.60
1070719	22.15
1070720	22.20
1070723	22.45
1070724	22.50
1070725	22.25
1070726	22.45
1070727	22.35
1070730	22.50
1070731	22.35
1070801	22.30
1070802	22.05
1070803	22.15
1070806	22.15
1070807	22.15
1070808	22.10
1070809	22.00
1070810	21.80
1070813	21.60
1070814	21.50
1070815	21.10
1070816	20.90
1070817	21.45
1070820	21.50
1070821	21.50
1070822	21.95
1070823	22.00
1070824	21.85
1070827	21.80
1070828	21.80
1070829	21.95
1070830	22.30
1070831	22.50
1070903	22.20
1070904	22.30
1070905	21.80
1070906	21.60
1070907	21.50
1070910	21.35
1070911	21.40
1070912	21.10
1070913	21.20
1070914	21.10
1070917	21.15
1070918	21.15
1070919	21.55
1070920	21.65
1070921	21.85
1070925	22.05
1070926	22.10
1070927	22.15
1070928	22.15
1071001	22.50
1071002	22.35
1071003	22.25
1071004	21.75
1071005	21.20
1071008	21.10
1071009	21.10
1071011	19.20
1071012	19.75
1071015	18.95
1071016	18.75
1071017	18.60
1071018	18.35
1071019	18.30
1071022	18.60
1071023	17.95
1071024	17.90
1071025	17.20
1071026	17.35
1071029	17.50
1071030	17.95
1071031	17.75
1071101	18.15
1071102	18.10
1071105	18.30
1071106	18.15
1071107	18.40
1071108	18.30
1071109	17.95
1071112	17.65
1071113	17.50
1071114	16.95
1071115	16.85
1071116	17.05
1071119	17.00
1071120	17.20
1071121	17.00
1071122	17.10
1071123	16.95
1071126	16.95
1071127	16.80
1071128	16.95
1071129	17.05
1071130	17.15
1071203	18.15
1071204	18.75
1071205	18.65
1071206	17.95
1071207	18.25
1071210	17.85
1071211	17.95
1071212	18.05
1071213	17.95
1071214	18.35
1071217	18.15
1071218	17.70
1071219	17.75
1071220	17.45
1071221	17.15
1071222	17.35
1071224	17.95
1071225	17.65
1071226	17.30
1071227	17.55
1071228	17.45
1080102	17.45
1080103	17.25
1080104	17.00
1080107	17.00
1080108	17.20
1080109	17.50
1080110	17.85
1080111	17.90
1080114	17.80
1080115	17.90
1080116	18.10
1080117	18.15
1080118	18.15
1080121	18.35
1080122	18.30
1080123	18.35
1080124	18.50
1080125	18.50
1080128	18.85
1080129	18.45
1080130	18.55
1080211	18.55
1080212	18.60
1080213	18.50
1080214	18.50
1080215	18.55
1080218	18.95
1080219	19.05
1080220	19.50
1080221	19.75
1080222	19.65
1080225	19.20
1080226	19.20
1080227	19.05
1080304	19.30
1080305	19.35
1080306	19.40
1080307	19.40
1080308	19.60
1080311	20.05
1080312	19.85
1080313	20.00
1080314	20.15
1080315	20.25
1080318	20.05
1080319	19.95
1080320	20.00
1080321	20.05
1080322	20.15
1080325	20.10
1080326	20.15
1080327	20.30
1080328	20.50
1080329	21.00
1080401	21.20
1080402	21.55
1080403	21.55
1080408	22.15
1080409	22.55
1080410	22.60
1080411	22.65
1080412	22.95
1080415	22.75
1080416	22.80
1080417	22.85
1080418	22.40
1080419	22.65
1080422	22.85
1080423	22.75
1080424	22.70
1080425	22.70
1080426	22.45
1080429	22.15
1080430	23.10
1080502	22.90
1080503	22.75
1080506	22.50
1080507	22.50
1080508	22.40
1080509	22.55
1080510	22.55
1080513	21.75
1080514	21.75
1080515	21.80
1080516	22.10
1080517	21.90
1080520	22.20
1080521	22.60
1080522	22.10
1080523	22.10
1080524	21.95
1080527	22.10
1080528	22.75
1080529	23.00
1080530	22.80
1080531	22.85
1080603	22.75
1080604	22.50
1080605	22.40
1080606	22.45
1080610	22.55
1080611	22.55
1080612	22.90
1080613	22.95
1080614	22.85
1080617	23.00
1080618	22.95
1080619	23.15
1080620	22.85
1080621	22.70
1080624	22.70
1080625	22.70
1080626	22.85
1080627	22.75
1080628	22.80
