1070102	48.70
1070103	48.80
1070104	48.75
1070105	48.30
1070108	47.35
1070109	48.70
1070110	49.25
1070111	50.20
1070112	49.75
1070115	50.50
1070116	50.20
1070117	50.00
1070118	49.50
1070119	48.40
1070122	48.15
1070123	48.60
1070124	49.40
1070125	48.70
1070126	49.10
1070129	48.00
1070130	47.80
1070131	47.75
1070201	46.00
1070202	46.05
1070205	44.20
1070206	42.40
1070207	44.05
1070208	44.05
1070209	42.20
1070212	41.65
1070221	44.95
1070222	45.35
1070223	45.20
1070226	45.60
1070227	46.70
1070301	45.30
1070302	45.10
1070305	43.75
1070306	45.00
1070307	44.80
1070308	44.25
1070309	43.20
1070312	44.45
1070313	44.85
1070314	44.95
1070315	44.50
1070316	44.80
1070319	46.70
1070320	46.70
1070321	46.00
1070322	44.10
1070323	43.10
1070326	43.00
1070327	43.00
1070328	43.70
1070329	45.20
1070330	45.60
1070331	46.40
1070402	47.55
1070403	48.70
1070409	46.00
1070410	43.00
1070411	42.80
1070412	43.30
1070413	43.30
1070416	43.45
1070417	42.70
1070418	42.55
1070419	42.00
1070420	41.40
1070423	40.75
1070424	39.35
1070425	38.10
1070426	38.95
1070427	38.85
1070430	39.80
1070502	39.45
1070503	39.20
1070504	39.00
1070507	38.80
1070508	38.20
1070509	38.25
1070510	38.60
1070511	37.95
1070514	37.30
1070515	37.25
1070516	36.10
1070517	36.10
1070518	35.90
1070521	34.75
1070522	32.95
1070523	29.70
1070524	32.65
1070525	35.90
1070528	38.25
1070529	38.35
1070530	38.45
1070531	38.30
1070601	38.30
1070604	38.30
1070605	38.35
1070606	38.85
1070607	39.00
1070608	38.95
1070611	39.00
1070612	38.90
1070613	42.20
1070614	42.40
1070615	42.05
1070619	40.00
1070620	40.00
1070621	40.25
1070622	38.80
1070625	38.80
1070626	38.60
1070627	38.50
1070628	38.40
1070629	41.00
1070702	41.10
1070703	41.50
1070704	38.50
1070705	38.40
1070706	38.30
1070709	38.85
1070710	38.70
1070711	38.50
1070712	38.55
1070713	39.00
1070716	39.45
1070717	39.45
1070718	39.45
1070719	39.45
1070720	39.30
1070723	38.75
1070724	39.00
1070725	39.00
1070726	39.25
1070727	39.00
1070730	38.65
1070731	39.55
1070801	39.20
1070802	39.05
1070803	38.95
1070806	38.80
1070807	39.25
1070808	38.90
1070809	39.00
1070810	38.60
1070813	37.45
1070814	37.70
1070815	38.20
1070816	38.50
1070817	38.80
1070820	38.80
1070821	38.70
1070822	38.70
1070823	38.60
1070824	38.45
1070827	38.85
1070828	38.85
1070829	38.45
1070830	38.40
1070831	39.80
1070903	40.40
1070904	40.60
1070905	40.70
1070906	40.75
1070907	40.50
1070910	39.90
1070911	39.60
1070912	38.25
1070913	38.15
1070914	38.30
1070917	38.35
1070918	38.40
1070919	38.25
1070920	38.25
1070921	37.90
1070925	37.95
1070926	38.00
1070927	37.90
1070928	38.00
1071001	38.00
1071002	38.05
1071003	38.15
1071004	38.10
1071005	38.10
1071008	37.30
1071009	36.50
1071011	34.00
1071012	36.60
1071015	37.45
1071016	37.90
1071017	37.85
1071018	37.80
1071019	37.80
1071022	37.80
1071023	37.70
1071024	37.05
1071025	37.00
1071026	37.30
1071029	37.00
1071030	37.45
1071031	37.15
1071101	37.25
1071102	37.30
1071105	37.30
1071106	36.90
1071107	37.20
1071108	36.55
1071109	36.40
1071112	36.65
1071113	36.55
1071114	36.10
1071115	36.70
1071116	36.65
1071119	36.65
1071120	36.80
1071121	38.00
1071122	38.00
1071123	37.80
1071126	38.80
1071127	38.60
1071128	38.55
1071129	38.30
1071130	38.30
1071203	38.25
1071204	38.25
1071205	38.00
1071206	37.90
1071207	37.90
1071210	38.20
1071211	38.15
1071212	38.10
1071213	38.00
1071214	37.80
1071217	37.20
1071218	36.65
1071219	35.50
1071220	36.50
1071221	36.40
1071222	36.45
1071224	35.90
1071225	36.00
1071226	35.90
1071227	35.90
1071228	35.85
1080102	36.05
1080103	36.10
1080104	36.00
1080107	35.50
1080108	36.00
1080109	35.80
1080110	35.75
1080111	35.85
1080114	35.90
1080115	35.90
1080116	35.90
1080117	35.80
1080118	35.80
1080121	35.70
1080122	35.60
1080123	35.90
1080124	35.70
1080125	35.55
1080128	35.80
1080129	36.00
1080130	35.95
1080211	35.95
1080212	35.80
1080213	35.50
1080214	35.35
1080215	35.20
1080218	35.20
1080219	35.10
1080220	35.20
1080221	35.20
1080222	35.20
1080225	35.10
1080226	35.10
1080227	35.10
1080304	34.60
1080305	34.20
1080306	34.20
1080307	33.80
1080308	34.25
1080311	33.80
1080312	33.90
1080313	33.55
1080314	33.20
1080315	33.00
1080318	32.90
1080319	33.25
1080320	35.30
1080321	35.80
1080322	35.00
1080325	34.50
1080326	34.60
1080327	34.30
1080328	34.25
1080329	34.15
1080401	34.00
1080402	34.00
1080403	34.00
1080408	34.15
1080409	33.75
1080410	33.80
1080411	33.65
1080412	33.70
1080415	33.65
1080416	34.00
1080417	33.90
1080418	33.80
1080419	33.60
1080422	33.25
1080423	33.25
1080424	33.20
1080425	33.30
1080426	33.30
1080429	33.20
1080430	33.15
1080502	33.40
1080503	33.50
1080506	33.40
1080507	33.45
1080508	33.50
1080509	33.55
1080510	33.45
1080513	32.50
1080514	32.65
1080515	33.10
1080516	33.15
1080517	33.15
1080520	33.20
1080521	33.10
1080522	33.00
1080523	33.05
1080524	33.00
1080527	33.00
1080528	33.00
1080529	33.10
1080530	34.00
1080531	34.55
1080603	34.70
1080604	34.80
1080605	34.90
1080606	34.60
1080610	34.70
1080611	34.90
1080612	34.70
1080613	35.00
1080614	34.90
1080617	35.00
1080618	35.00
1080619	35.00
1080620	35.05
1080621	35.00
1080624	34.90
1080625	34.85
1080626	34.75
1080627	34.70
1080628	34.60
1080701	34.00
1080702	33.70
1080703	33.55
1080704	33.30
1080705	33.20
