1070102	72.10
1070103	72.20
1070104	71.70
1070105	71.50
1070108	71.10
1070109	69.00
1070110	69.50
1070111	69.60
1070112	69.90
1070115	71.80
1070116	70.70
1070117	71.50
1070118	70.30
1070119	70.60
1070122	70.70
1070123	70.80
1070124	71.20
1070125	70.40
1070126	70.40
1070129	70.90
1070130	70.90
1070131	70.70
1070201	70.80
1070202	71.30
1070205	70.30
1070206	70.00
1070207	70.40
1070208	69.90
1070209	69.90
1070212	69.70
1070221	70.90
1070222	69.80
1070223	69.80
1070226	69.50
1070227	71.90
1070301	71.90
1070302	71.80
1070305	71.70
1070306	71.70
1070307	71.80
1070308	72.00
1070309	71.90
1070312	74.30
1070313	73.90
1070314	74.70
1070315	74.70
1070316	75.00
1070319	75.00
1070320	74.60
1070321	75.00
1070322	74.90
1070323	74.90
1070326	74.90
1070327	74.00
1070328	74.00
1070329	72.90
1070330	72.90
1070331	73.50
1070402	74.10
1070403	74.40
1070409	75.10
1070410	82.60
1070411	78.00
1070412	79.30
1070413	79.70
1070416	79.70
1070417	79.10
1070418	79.00
1070419	79.20
1070420	79.00
1070423	79.20
1070424	78.80
1070425	79.00
1070426	79.10
1070427	78.90
1070430	79.00
1070502	79.80
1070503	79.70
1070504	79.70
1070507	80.20
1070508	80.30
1070509	80.00
1070510	80.80
1070511	80.80
1070514	81.20
1070515	81.00
1070516	81.10
1070517	80.90
1070518	80.20
1070521	80.40
1070522	79.80
1070523	80.00
1070524	79.80
1070525	79.20
1070528	77.80
1070529	78.00
1070530	78.20
1070531	78.20
1070601	78.50
1070604	78.20
1070605	79.20
1070606	79.00
1070607	79.50
1070608	79.10
1070611	78.40
1070612	78.70
1070613	78.80
1070614	--
1070615	78.90
1070619	79.00
1070620	79.20
1070621	79.30
1070622	78.90
1070625	78.40
1070626	78.50
1070627	78.60
1070628	78.30
1070629	78.70
1070702	79.20
1070703	79.20
1070704	78.10
1070705	78.70
1070706	77.00
1070709	77.40
1070710	79.10
1070711	--
1070712	78.90
1070713	79.10
1070716	79.10
1070717	78.70
1070718	78.80
1070719	79.10
1070720	79.00
1070723	78.90
1070724	78.70
1070725	78.80
1070726	77.80
1070727	77.60
1070730	77.50
1070731	77.30
1070801	77.40
1070802	77.80
1070803	77.70
1070806	78.40
1070807	78.20
1070808	78.50
1070809	78.40
1070810	78.40
1070813	79.00
1070814	79.10
1070815	79.00
1070816	78.80
1070817	79.00
1070820	79.10
1070821	79.10
1070822	79.10
1070823	79.20
1070824	79.60
1070827	79.30
1070828	80.00
1070829	80.30
1070830	79.80
1070831	80.40
1070903	80.80
1070904	81.00
1070905	79.80
1070906	78.00
1070907	78.60
1070910	78.80
1070911	79.00
1070912	79.50
1070913	79.70
1070914	79.90
1070917	79.80
1070918	79.90
1070919	79.70
1070920	79.80
1070921	79.70
1070925	79.80
1070926	79.90
1070927	78.40
1070928	79.70
1071001	79.50
1071002	--
1071003	79.40
1071004	79.60
1071005	79.40
1071008	78.60
1071009	78.60
1071011	78.20
1071012	78.80
1071015	78.70
1071016	79.20
1071017	79.30
1071018	79.40
1071019	79.10
1071022	--
1071023	78.90
1071024	78.70
1071025	78.40
1071026	78.10
1071029	76.60
1071030	77.60
1071031	78.30
1071101	77.90
1071102	78.30
1071105	78.80
1071106	78.90
1071107	79.20
1071108	79.40
1071109	79.30
1071112	79.40
1071113	79.40
1071114	80.10
1071115	80.30
1071116	80.00
1071119	80.10
1071120	79.80
1071121	79.50
1071122	79.00
1071123	79.20
1071126	78.90
1071127	78.80
1071128	79.20
1071129	79.20
1071130	79.20
1071203	78.50
1071204	79.10
1071205	--
1071206	78.90
1071207	78.20
1071210	78.20
1071211	78.00
1071212	78.10
1071213	78.10
1071214	78.00
1071217	78.50
1071218	77.20
1071219	77.60
1071220	77.70
1071221	78.00
1071222	76.60
1071224	77.80
1071225	77.70
1071226	78.10
1071227	78.20
1071228	78.30
1080102	78.40
1080103	78.50
1080104	78.50
1080107	79.10
1080108	77.30
1080109	77.30
1080110	77.70
1080111	78.00
1080114	78.00
1080115	78.40
1080116	78.20
1080117	77.30
1080118	78.20
1080121	78.10
1080122	77.00
1080123	77.90
1080124	78.00
1080125	78.00
1080128	77.60
1080129	77.50
1080130	77.50
1080211	77.90
1080212	78.10
1080213	78.20
1080214	78.70
1080215	78.80
1080218	79.10
1080219	78.50
1080220	78.40
1080221	78.20
1080222	78.00
1080225	78.00
1080226	77.90
1080227	77.90
1080304	77.60
1080305	77.30
1080306	77.20
1080307	77.60
1080308	78.30
1080311	77.90
1080312	78.30
1080313	78.30
1080314	78.40
1080315	77.90
1080318	78.20
1080319	77.70
1080320	78.00
1080321	77.90
1080322	77.70
1080325	77.50
1080326	78.20
1080327	78.30
1080328	77.10
1080329	77.90
1080401	77.90
1080402	77.90
1080403	77.90
1080408	77.10
1080409	77.50
1080410	77.70
1080411	77.70
1080412	77.70
1080415	77.20
1080416	77.60
1080417	77.30
1080418	76.60
1080419	77.20
1080422	77.20
1080423	77.30
1080424	77.70
1080425	77.10
1080426	77.30
1080429	77.20
1080430	76.90
1080502	77.30
1080503	77.10
1080506	76.90
1080507	77.10
1080508	77.20
1080509	77.00
1080510	76.50
1080513	77.00
1080514	77.10
1080515	77.00
1080516	77.40
1080517	77.00
1080520	77.50
1080521	76.60
1080522	76.60
1080523	76.60
1080524	77.00
1080527	76.70
1080528	77.00
1080529	77.10
1080530	77.00
1080531	77.00
1080603	77.10
1080604	77.40
1080605	77.00
1080606	78.80
1080610	79.50
1080611	78.20
1080612	79.00
1080613	78.60
1080614	79.00
1080617	79.00
1080618	79.30
1080619	78.30
1080620	78.70
1080621	78.70
1080624	79.00
1080625	78.30
1080626	78.70
1080627	77.90
1080628	78.00
1080701	77.80
1080702	79.20
1080703	79.80
1080704	80.20
1080705	80.50
