1070102	13.00
1070103	13.70
1070104	13.30
1070105	13.10
1070108	13.00
1070109	12.95
1070110	12.95
1070111	13.05
1070112	12.95
1070115	12.85
1070116	12.85
1070117	12.85
1070118	12.80
1070119	12.80
1070122	12.65
1070123	12.55
1070124	12.90
1070125	12.80
1070126	12.70
1070129	12.60
1070130	12.35
1070131	12.20
1070201	12.25
1070202	12.15
1070205	11.90
1070206	10.95
1070207	11.15
1070208	11.20
1070209	11.00
1070212	11.10
1070221	11.35
1070222	12.45
1070223	13.65
1070226	13.65
1070227	13.30
1070301	13.45
1070302	13.00
1070305	12.70
1070306	12.55
1070307	12.40
1070308	12.60
1070309	12.65
1070312	12.50
1070313	12.60
1070314	12.55
1070315	12.80
1070316	12.70
1070319	12.65
1070320	12.75
1070321	12.70
1070322	13.00
1070323	12.65
1070326	12.60
1070327	12.75
1070328	12.60
1070329	12.50
1070330	12.50
1070331	12.50
1070402	12.30
1070403	12.15
1070409	12.15
1070410	12.40
1070411	12.75
1070412	12.80
1070413	12.55
1070416	12.60
1070417	12.55
1070418	12.60
1070419	12.65
1070420	12.70
1070423	12.70
1070424	12.15
1070425	12.20
1070426	11.70
1070427	11.95
1070430	12.25
1070502	12.15
1070503	12.05
1070504	12.00
1070507	13.20
1070508	13.60
1070509	13.00
1070510	12.70
1070511	12.75
1070514	13.60
1070515	12.95
1070516	12.70
1070517	12.90
1070518	12.75
1070521	12.75
1070522	13.25
1070523	13.00
1070524	12.85
1070525	13.15
1070528	13.90
1070529	15.25
1070530	14.65
1070531	14.65
1070601	14.60
1070604	15.15
1070605	14.60
1070606	15.20
1070607	15.25
1070608	15.20
1070611	15.50
1070612	14.90
1070613	14.60
1070614	14.25
1070615	14.15
1070619	13.75
1070620	13.45
1070621	13.90
1070622	13.85
1070625	13.95
1070626	13.90
1070627	14.65
1070628	14.15
1070629	14.20
1070702	14.15
1070703	13.60
1070704	13.30
1070705	13.45
1070706	13.90
1070709	13.55
1070710	13.65
1070711	13.45
1070712	13.70
1070713	13.85
1070716	13.80
1070717	13.75
1070718	13.50
1070719	13.40
1070720	13.20
1070723	13.35
1070724	13.45
1070725	13.35
1070726	13.45
1070727	13.50
1070730	13.35
1070731	13.45
1070801	13.45
1070802	13.10
1070803	13.20
1070806	13.05
1070807	13.10
1070808	13.05
1070809	12.85
1070810	12.15
1070813	11.55
1070814	11.85
1070815	11.65
1070816	11.70
1070817	11.80
1070820	11.65
1070821	11.75
1070822	11.75
1070823	11.95
1070824	11.90
1070827	12.65
1070828	12.65
1070829	12.35
1070830	12.35
1070831	12.35
1070903	12.00
1070904	12.10
1070905	12.00
1070906	11.95
1070907	11.80
1070910	11.45
1070911	11.20
1070912	11.15
1070913	11.35
1070914	11.60
1070917	11.50
1070918	11.50
1070919	11.60
1070920	11.60
1070921	11.65
1070925	11.75
1070926	11.90
1070927	11.90
1070928	11.85
1071001	11.90
1071002	11.80
1071003	11.85
1071004	11.70
1071005	11.35
1071008	11.25
1071009	11.30
1071011	10.25
1071012	10.45
1071015	10.70
1071016	10.85
1071017	10.80
1071018	10.90
1071019	10.65
1071022	10.95
1071023	10.70
1071024	10.70
1071025	10.45
1071026	10.30
1071029	10.20
1071030	10.15
1071031	10.35
1071101	10.60
1071102	10.90
1071105	11.00
1071106	10.75
1071107	10.85
1071108	10.95
1071109	10.95
1071112	11.00
1071113	10.90
1071114	11.05
1071115	10.90
1071116	10.90
1071119	11.10
1071120	10.95
1071121	10.90
1071122	10.90
1071123	10.95
1071126	11.25
1071127	11.15
1071128	11.15
1071129	11.15
1071130	11.20
1071203	11.25
1071204	11.35
1071205	11.25
1071206	11.00
1071207	11.05
1071210	10.85
1071211	10.95
1071212	10.90
1071213	10.90
1071214	10.90
1071217	10.95
1071218	10.85
1071219	10.80
1071220	10.70
1071221	10.60
1071222	10.55
1071224	10.65
1071225	10.50
1071226	10.50
1071227	10.55
1071228	10.55
1080102	10.50
1080103	10.45
1080104	10.40
1080107	10.40
1080108	10.40
1080109	10.45
1080110	10.45
1080111	10.45
1080114	10.45
1080115	10.45
1080116	10.50
1080117	10.55
1080118	10.55
1080121	10.55
1080122	10.55
1080123	10.60
1080124	10.55
1080125	10.45
1080128	10.45
1080129	10.45
1080130	10.50
1080211	10.45
1080212	10.45
1080213	10.75
1080214	10.75
1080215	10.60
1080218	10.60
1080219	10.65
1080220	10.65
1080221	10.75
1080222	10.70
1080225	10.75
1080226	10.75
1080227	10.75
1080304	10.65
1080305	10.65
1080306	10.70
1080307	10.65
1080308	10.65
1080311	10.60
1080312	10.60
1080313	10.60
1080314	10.60
1080315	10.70
1080318	10.60
1080319	10.60
1080320	10.60
1080321	10.55
1080322	10.50
1080325	10.40
1080326	10.45
1080327	10.45
1080328	10.45
1080329	10.45
1080401	10.50
1080402	10.55
1080403	10.45
1080408	10.60
1080409	10.55
1080410	10.55
1080411	10.50
1080412	10.50
1080415	10.45
1080416	10.50
1080417	10.45
1080418	10.30
1080419	10.15
1080422	10.20
1080423	10.35
1080424	10.20
1080425	10.25
1080426	10.20
1080429	10.15
1080430	10.25
1080502	10.20
1080503	10.20
1080506	10.15
1080507	10.15
1080508	10.20
1080509	10.15
1080510	10.10
1080513	10.00
1080514	10.10
1080515	10.20
1080516	10.45
1080517	10.30
1080520	10.20
1080521	11.20
1080522	12.30
1080523	12.40
1080524	12.00
1080527	11.40
1080528	11.40
1080529	12.15
1080530	12.30
1080531	12.25
1080603	13.45
1080604	13.45
1080605	13.85
1080606	14.80
1080610	14.95
1080611	14.70
1080612	15.50
1080613	16.30
1080614	16.70
1080617	16.60
1080618	14.95
1080619	15.30
1080620	15.25
1080621	15.50
1080624	16.30
1080625	16.00
1080626	15.50
1080627	15.35
1080628	15.50
