1070102	11.60
1070103	11.50
1070104	11.35
1070105	11.40
1070108	11.35
1070109	11.80
1070110	11.65
1070111	11.45
1070112	11.80
1070115	11.65
1070116	11.70
1070117	11.65
1070118	11.55
1070119	11.50
1070122	11.45
1070123	11.60
1070124	11.60
1070125	11.75
1070126	11.85
1070129	11.85
1070130	11.60
1070131	11.45
1070201	11.50
1070202	11.55
1070205	11.45
1070206	10.70
1070207	10.85
1070208	10.70
1070209	10.55
1070212	10.70
1070221	11.00
1070222	11.15
1070223	11.60
1070226	12.10
1070227	11.85
1070301	12.00
1070302	11.95
1070305	11.90
1070306	11.70
1070307	11.70
1070308	11.70
1070309	11.70
1070312	11.90
1070313	11.70
1070314	11.55
1070315	11.60
1070316	11.50
1070319	11.50
1070320	11.50
1070321	11.50
1070322	11.50
1070323	11.25
1070326	11.20
1070327	11.40
1070328	11.40
1070329	11.45
1070330	11.40
1070331	11.30
1070402	11.40
1070403	11.25
1070409	11.35
1070410	11.50
1070411	11.55
1070412	11.45
1070413	11.40
1070416	11.25
1070417	11.10
1070418	10.95
1070419	11.10
1070420	11.10
1070423	11.00
1070424	10.95
1070425	10.85
1070426	10.80
1070427	10.80
1070430	11.00
1070502	11.00
1070503	10.90
1070504	10.90
1070507	10.90
1070508	11.00
1070509	10.95
1070510	11.10
1070511	11.25
1070514	11.10
1070515	11.20
1070516	10.95
1070517	10.90
1070518	10.95
1070521	10.95
1070522	10.95
1070523	10.85
1070524	10.80
1070525	10.70
1070528	10.75
1070529	10.70
1070530	10.65
1070531	10.80
1070601	10.95
1070604	11.00
1070605	10.90
1070606	10.90
1070607	11.00
1070608	10.90
1070611	10.85
1070612	10.75
1070613	10.75
1070614	10.65
1070615	10.70
1070619	10.55
1070620	10.60
1070621	10.55
1070622	10.60
1070625	10.50
1070626	10.60
1070627	10.65
1070628	10.60
1070629	10.65
1070702	10.65
1070703	10.45
1070704	10.45
1070705	10.40
1070706	10.45
1070709	10.50
1070710	10.55
1070711	10.55
1070712	10.55
1070713	10.60
1070716	10.55
1070717	10.55
1070718	10.60
1070719	10.10
1070720	10.10
1070723	10.05
1070724	10.10
1070725	10.15
1070726	10.10
1070727	10.15
1070730	10.55
1070731	10.40
1070801	10.40
1070802	10.30
1070803	10.35
1070806	10.35
1070807	10.40
1070808	10.30
1070809	10.30
1070810	10.35
1070813	10.10
1070814	10.15
1070815	10.10
1070816	9.99
1070817	10.00
1070820	10.05
1070821	10.05
1070822	10.20
1070823	10.35
1070824	10.40
1070827	10.35
1070828	10.30
1070829	10.30
1070830	10.25
1070831	10.15
1070903	10.15
1070904	10.20
1070905	10.15
1070906	10.10
1070907	10.00
1070910	9.88
1070911	9.98
1070912	10.00
1070913	10.15
1070914	10.10
1070917	10.05
1070918	10.05
1070919	10.10
1070920	10.05
1070921	10.10
1070925	10.10
1070926	10.15
1070927	10.15
1070928	10.10
1071001	10.15
1071002	10.10
1071003	10.10
1071004	10.05
1071005	9.95
1071008	9.90
1071009	9.87
1071011	8.98
1071012	9.06
1071015	9.04
1071016	9.04
1071017	9.06
1071018	9.04
1071019	8.96
1071022	9.02
1071023	8.92
1071024	8.95
1071025	9.20
1071026	9.11
1071029	9.04
1071030	9.06
1071031	9.08
1071101	9.06
1071102	9.08
1071105	9.14
1071106	9.10
1071107	9.14
1071108	9.15
1071109	9.14
1071112	9.18
1071113	9.12
1071114	9.11
1071115	9.15
1071116	9.15
1071119	9.21
1071120	9.19
1071121	9.18
1071122	9.15
1071123	9.17
1071126	9.18
1071127	9.21
1071128	9.25
1071129	9.33
1071130	9.55
1071203	9.53
1071204	9.50
1071205	9.44
1071206	9.38
1071207	9.40
1071210	9.70
1071211	10.50
1071212	10.40
1071213	10.25
1071214	10.15
1071217	10.10
1071218	9.91
1071219	9.82
1071220	9.72
1071221	9.71
1071222	9.77
1071224	9.78
1071225	9.71
1071226	9.69
1071227	9.73
1071228	9.66
1080102	9.60
1080103	9.57
1080104	9.52
1080107	9.58
1080108	9.53
1080109	9.59
1080110	9.63
1080111	9.57
1080114	9.50
1080115	9.51
1080116	9.58
1080117	9.59
1080118	9.58
1080121	9.58
1080122	9.54
1080123	9.57
1080124	9.53
1080125	9.58
1080128	9.58
1080129	9.56
1080130	9.58
1080211	9.64
1080212	9.68
1080213	9.75
1080214	9.76
1080215	9.77
1080218	9.88
1080219	10.15
1080220	10.10
1080221	10.00
1080222	10.05
1080225	10.00
1080226	9.99
1080227	10.00
1080304	9.99
1080305	9.95
1080306	9.88
1080307	9.87
1080308	9.85
1080311	9.86
1080312	9.92
1080313	9.86
1080314	9.85
1080315	9.84
1080318	9.81
1080319	9.80
1080320	9.80
1080321	9.76
1080322	9.75
1080325	9.73
1080326	9.70
1080327	9.68
1080328	9.64
1080329	9.80
1080401	9.74
1080402	9.76
1080403	9.76
1080408	9.78
1080409	9.77
1080410	9.76
1080411	9.76
1080412	9.72
1080415	9.71
1080416	9.72
1080417	9.73
1080418	9.67
1080419	9.66
1080422	9.64
1080423	9.64
1080424	9.62
1080425	9.61
1080426	9.55
1080429	9.52
1080430	9.54
1080502	9.55
1080503	9.59
1080506	9.53
1080507	9.64
1080508	9.60
1080509	9.60
1080510	9.60
1080513	9.66
1080514	9.60
1080515	9.66
1080516	9.60
1080517	9.47
1080520	9.51
1080521	9.60
1080522	9.59
1080523	9.52
1080524	9.55
1080527	9.65
1080528	9.64
1080529	9.67
1080530	9.67
1080531	9.70
1080603	9.65
1080604	9.62
1080605	9.63
1080606	9.60
1080610	9.57
1080611	9.59
1080612	9.53
1080613	9.55
1080614	9.59
1080617	9.57
1080618	9.57
1080619	9.60
1080620	9.66
1080621	9.68
1080624	9.68
1080625	9.70
1080626	9.68
1080627	9.75
1080628	9.74
