1070102	24.70
1070103	24.90
1070104	24.80
1070105	24.95
1070108	25.25
1070109	25.25
1070110	25.30
1070111	25.30
1070112	25.35
1070115	25.10
1070116	25.20
1070117	25.15
1070118	25.15
1070119	25.10
1070122	25.05
1070123	25.00
1070124	25.00
1070125	25.10
1070126	25.10
1070129	25.15
1070130	24.90
1070131	24.90
1070201	24.85
1070202	24.80
1070205	24.50
1070206	23.60
1070207	23.60
1070208	23.75
1070209	23.75
1070212	23.65
1070221	24.50
1070222	24.30
1070223	24.50
1070226	24.20
1070227	24.10
1070301	24.40
1070302	23.95
1070305	23.60
1070306	23.70
1070307	23.50
1070308	23.50
1070309	23.60
1070312	23.70
1070313	23.85
1070314	23.85
1070315	23.75
1070316	23.70
1070319	23.90
1070320	23.75
1070321	23.75
1070322	23.85
1070323	23.50
1070326	23.45
1070327	23.55
1070328	23.40
1070329	23.20
1070330	23.50
1070331	23.45
1070402	23.50
1070403	23.35
1070409	23.80
1070410	23.75
1070411	23.60
1070412	23.60
1070413	23.45
1070416	23.45
1070417	23.30
1070418	23.40
1070419	23.70
1070420	23.65
1070423	23.60
1070424	23.30
1070425	23.40
1070426	23.35
1070427	23.40
1070430	23.50
1070502	23.65
1070503	23.25
1070504	23.25
1070507	23.25
1070508	23.40
1070509	23.45
1070510	23.45
1070511	23.55
1070514	23.50
1070515	23.35
1070516	23.50
1070517	23.35
1070518	23.40
1070521	23.40
1070522	23.30
1070523	23.20
1070524	23.25
1070525	23.35
1070528	23.40
1070529	23.40
1070530	23.20
1070531	23.60
1070601	23.75
1070604	24.20
1070605	24.30
1070606	24.25
1070607	24.40
1070608	24.40
1070611	24.10
1070612	24.15
1070613	24.05
1070614	23.70
1070615	23.65
1070619	23.40
1070620	23.80
1070621	23.65
1070622	23.70
1070625	23.40
1070626	23.40
1070627	23.25
1070628	23.25
1070629	23.70
1070702	23.25
1070703	23.25
1070704	23.50
1070705	23.45
1070706	23.50
1070709	23.60
1070710	23.65
1070711	23.70
1070712	23.80
1070713	23.90
1070716	23.90
1070717	24.00
1070718	24.10
1070719	24.20
1070720	24.25
1070723	24.25
1070724	24.75
1070725	24.80
1070726	24.65
1070727	24.65
1070730	24.80
1070731	25.00
1070801	24.95
1070802	24.65
1070803	24.75
1070806	24.90
1070807	24.90
1070808	24.95
1070809	24.85
1070810	24.55
1070813	24.35
1070814	24.95
1070815	24.75
1070816	24.90
1070817	24.65
1070820	24.95
1070821	25.00
1070822	25.30
1070823	25.50
1070824	25.25
1070827	25.30
1070828	25.50
1070829	25.45
1070830	25.25
1070831	25.15
1070903	24.85
1070904	24.95
1070905	24.65
1070906	24.80
1070907	24.70
1070910	24.60
1070911	24.55
1070912	24.30
1070913	24.45
1070914	24.45
1070917	24.50
1070918	25.00
1070919	25.10
1070920	25.00
1070921	25.25
1070925	25.35
1070926	25.45
1070927	25.45
1070928	25.50
1071001	25.50
1071002	25.20
1071003	25.45
1071004	25.40
1071005	25.10
1071008	25.25
1071009	25.35
1071011	24.20
1071012	24.50
1071015	24.05
1071016	24.45
1071017	24.15
1071018	24.25
1071019	24.30
1071022	24.15
1071023	24.15
1071024	23.70
1071025	23.75
1071026	23.65
1071029	23.75
1071030	24.15
1071031	24.40
1071101	24.05
1071102	24.15
1071105	24.35
1071106	24.35
1071107	24.50
1071108	24.70
1071109	24.25
1071112	24.25
1071113	24.25
1071114	24.10
1071115	24.10
1071116	24.45
1071119	24.50
1071120	24.25
1071121	24.05
1071122	24.05
1071123	23.85
1071126	23.95
1071127	23.65
1071128	23.85
1071129	23.85
1071130	24.00
1071203	24.25
1071204	24.45
1071205	24.25
1071206	23.95
1071207	23.90
1071210	23.80
1071211	23.95
1071212	24.35
1071213	24.30
1071214	24.15
1071217	24.05
1071218	24.05
1071219	24.30
1071220	24.30
1071221	24.20
1071222	24.05
1071224	24.15
1071225	23.80
1071226	23.80
1071227	23.95
1071228	24.25
1080102	24.00
1080103	24.15
1080104	24.20
1080107	24.45
1080108	24.50
1080109	24.95
1080110	24.90
1080111	24.90
1080114	24.90
1080115	25.00
1080116	24.95
1080117	25.00
1080118	25.00
1080121	25.05
1080122	25.05
1080123	25.05
1080124	25.10
1080125	25.35
1080128	25.35
1080129	25.35
1080130	25.45
1080211	25.25
1080212	25.45
1080213	25.50
1080214	25.20
1080215	25.20
1080218	25.15
1080219	25.00
1080220	25.20
1080221	25.25
1080222	25.25
1080225	25.30
1080226	25.50
1080227	25.50
1080304	25.35
1080305	25.40
1080306	25.15
1080307	24.95
1080308	24.75
1080311	24.70
1080312	25.10
1080313	25.00
1080314	24.75
1080315	25.05
1080318	25.05
1080319	24.85
1080320	25.05
1080321	25.00
1080322	25.00
1080325	24.85
1080326	25.00
1080327	25.05
1080328	25.00
1080329	25.30
1080401	25.00
1080402	24.90
1080403	25.00
1080408	25.10
1080409	25.10
1080410	25.25
1080411	25.05
1080412	25.20
1080415	25.05
1080416	25.20
1080417	25.25
1080418	25.10
1080419	25.20
1080422	25.10
1080423	25.15
1080424	25.10
1080425	25.00
1080426	25.10
1080429	25.10
1080430	24.95
1080502	24.90
1080503	25.10
1080506	25.00
1080507	25.10
1080508	25.05
1080509	24.70
1080510	24.55
1080513	24.45
1080514	24.10
1080515	24.00
1080516	24.00
1080517	24.00
1080520	24.20
1080521	24.65
1080522	24.45
1080523	24.45
1080524	24.40
1080527	24.30
1080528	24.30
1080529	24.10
1080530	24.10
1080531	24.30
1080603	24.15
1080604	24.20
1080605	24.20
1080606	24.35
1080610	24.50
1080611	24.40
1080612	24.55
1080613	24.45
1080614	24.50
1080617	24.55
1080618	24.60
1080619	24.95
1080620	24.80
1080621	25.00
1080624	25.00
1080625	25.00
1080626	24.90
1080627	24.90
1080628	24.95
