1070102	11.80
1070103	11.80
1070104	11.55
1070105	11.70
1070108	11.65
1070109	11.60
1070110	11.80
1070111	11.90
1070112	11.80
1070115	11.80
1070116	11.70
1070117	11.80
1070118	11.70
1070119	11.55
1070122	11.55
1070123	11.50
1070124	11.70
1070125	11.60
1070126	11.60
1070129	11.60
1070130	11.50
1070131	11.50
1070201	11.50
1070202	11.50
1070205	11.40
1070206	11.10
1070207	11.20
1070208	11.10
1070209	11.10
1070212	11.15
1070221	11.25
1070222	11.25
1070223	11.40
1070226	11.35
1070227	11.30
1070301	11.50
1070302	11.30
1070305	11.25
1070306	11.25
1070307	11.25
1070308	11.35
1070309	11.25
1070312	11.25
1070313	11.25
1070314	11.30
1070315	11.25
1070316	11.20
1070319	11.20
1070320	11.20
1070321	11.20
1070322	11.25
1070323	11.20
1070326	11.10
1070327	11.15
1070328	11.10
1070329	11.25
1070330	11.95
1070331	12.35
1070402	12.40
1070403	12.05
1070409	11.95
1070410	11.65
1070411	11.70
1070412	11.65
1070413	11.65
1070416	11.40
1070417	11.35
1070418	11.40
1070419	11.40
1070420	11.80
1070423	11.75
1070424	11.50
1070425	11.40
1070426	11.25
1070427	11.25
1070430	11.35
1070502	11.30
1070503	11.25
1070504	11.25
1070507	11.25
1070508	11.25
1070509	11.20
1070510	11.25
1070511	11.25
1070514	11.35
1070515	11.40
1070516	11.30
1070517	11.30
1070518	11.40
1070521	11.35
1070522	11.40
1070523	11.30
1070524	11.30
1070525	11.25
1070528	11.25
1070529	11.25
1070530	11.20
1070531	11.20
1070601	11.30
1070604	11.30
1070605	11.25
1070606	11.25
1070607	11.30
1070608	11.25
1070611	11.25
1070612	11.25
1070613	11.30
1070614	11.20
1070615	11.35
1070619	11.25
1070620	11.25
1070621	11.25
1070622	11.25
1070625	11.25
1070626	11.30
1070627	11.25
1070628	11.25
1070629	11.30
1070702	11.20
1070703	10.80
1070704	10.80
1070705	10.75
1070706	10.70
1070709	10.80
1070710	10.80
1070711	10.80
1070712	10.80
1070713	10.80
1070716	10.75
1070717	10.75
1070718	10.75
1070719	10.75
1070720	10.75
1070723	10.80
1070724	10.85
1070725	10.85
1070726	10.85
1070727	10.90
1070730	10.85
1070731	10.85
1070801	10.80
1070802	10.80
1070803	10.85
1070806	10.80
1070807	10.85
1070808	10.80
1070809	10.85
1070810	10.85
1070813	10.80
1070814	10.90
1070815	10.90
1070816	10.90
1070817	11.00
1070820	10.95
1070821	10.95
1070822	10.90
1070823	10.90
1070824	10.85
1070827	10.85
1070828	10.85
1070829	10.80
1070830	10.80
1070831	10.85
1070903	10.85
1070904	10.85
1070905	10.80
1070906	10.80
1070907	10.75
1070910	10.70
1070911	10.70
1070912	10.70
1070913	10.80
1070914	10.75
1070917	10.75
1070918	10.75
1070919	10.85
1070920	10.80
1070921	10.80
1070925	11.25
1070926	11.10
1070927	11.05
1070928	10.95
1071001	10.95
1071002	10.90
1071003	10.85
1071004	10.85
1071005	10.75
1071008	10.70
1071009	10.75
1071011	10.25
1071012	10.45
1071015	10.20
1071016	10.30
1071017	10.25
1071018	10.20
1071019	10.20
1071022	10.25
1071023	10.20
1071024	10.10
1071025	9.98
1071026	10.05
1071029	10.00
1071030	10.00
1071031	10.00
1071101	10.10
1071102	10.00
1071105	10.10
1071106	10.15
1071107	10.10
1071108	10.15
1071109	10.10
1071112	10.10
1071113	10.00
1071114	10.10
1071115	10.05
1071116	10.05
1071119	10.10
1071120	10.00
1071121	10.05
1071122	10.00
1071123	10.00
1071126	10.05
1071127	10.10
1071128	10.15
1071129	10.15
1071130	10.10
1071203	10.10
1071204	10.20
1071205	10.10
1071206	10.05
1071207	10.05
1071210	10.05
1071211	10.05
1071212	10.10
1071213	10.15
1071214	10.15
1071217	10.15
1071218	10.05
1071219	10.00
1071220	10.00
1071221	10.00
1071222	10.05
1071224	10.10
1071225	10.10
1071226	10.10
1071227	10.10
1071228	10.10
1080102	10.05
1080103	10.05
1080104	10.00
1080107	10.10
1080108	10.05
1080109	10.15
1080110	10.15
1080111	10.10
1080114	10.05
1080115	10.05
1080116	10.05
1080117	10.05
1080118	10.05
1080121	10.10
1080122	10.10
1080123	10.15
1080124	10.15
1080125	10.15
1080128	10.15
1080129	10.10
1080130	10.20
1080211	10.15
1080212	10.15
1080213	10.15
1080214	10.15
1080215	10.20
1080218	10.20
1080219	10.25
1080220	10.30
1080221	10.35
1080222	10.40
1080225	10.45
1080226	10.45
1080227	10.45
1080304	10.40
1080305	10.40
1080306	10.40
1080307	10.30
1080308	10.40
1080311	10.40
1080312	10.45
1080313	10.40
1080314	10.40
1080315	10.40
1080318	10.45
1080319	10.40
1080320	10.45
1080321	10.40
1080322	10.40
1080325	10.55
1080326	10.60
1080327	10.55
1080328	10.55
1080329	10.50
1080401	10.50
1080402	10.45
1080403	10.55
1080408	10.60
1080409	10.60
1080410	10.55
1080411	10.55
1080412	10.55
1080415	10.55
1080416	10.55
1080417	10.60
1080418	10.50
1080419	10.45
1080422	10.50
1080423	10.50
1080424	10.45
1080425	10.50
1080426	10.45
1080429	10.40
1080430	10.45
1080502	10.45
1080503	10.45
1080506	10.45
1080507	10.45
1080508	10.45
1080509	10.40
1080510	10.40
1080513	10.40
1080514	10.35
1080515	10.40
1080516	10.45
1080517	10.40
1080520	10.40
1080521	10.35
1080522	10.40
1080523	10.35
1080524	10.35
1080527	10.45
1080528	10.50
1080529	10.45
1080530	10.50
1080531	10.55
1080603	10.55
1080604	10.50
1080605	10.50
1080606	10.45
1080610	10.50
1080611	10.50
1080612	10.45
1080613	10.45
1080614	10.55
1080617	10.55
1080618	10.65
1080619	10.75
1080620	10.70
1080621	10.80
1080624	10.85
1080625	10.70
1080626	10.70
1080627	10.75
1080628	10.75
