1070102	22.00
1070103	21.90
1070104	21.50
1070105	23.50
1070108	24.85
1070109	24.80
1070110	25.30
1070111	25.20
1070112	24.90
1070115	24.90
1070116	24.75
1070117	24.00
1070118	23.85
1070119	24.35
1070122	23.55
1070123	22.85
1070124	24.00
1070125	24.60
1070126	24.20
1070129	24.35
1070130	23.65
1070131	24.40
1070201	23.75
1070202	23.55
1070205	23.05
1070206	21.30
1070207	22.00
1070208	22.50
1070209	21.95
1070212	22.30
1070221	24.50
1070222	24.50
1070223	25.00
1070226	25.35
1070227	25.20
1070301	27.70
1070302	28.80
1070305	29.40
1070306	28.80
1070307	27.95
1070308	28.60
1070309	27.50
1070312	28.80
1070313	28.45
1070314	29.75
1070315	29.40
1070316	28.90
1070319	28.50
1070320	28.60
1070321	28.50
1070322	29.05
1070323	28.25
1070326	26.80
1070327	28.30
1070328	27.70
1070329	27.85
1070330	29.00
1070331	29.70
1070402	30.65
1070403	30.45
1070409	32.50
1070410	31.60
1070411	32.40
1070412	31.75
1070413	31.35
1070416	30.40
1070417	30.05
1070418	30.85
1070419	33.20
1070420	32.70
1070423	34.75
1070424	31.35
1070425	32.40
1070426	31.75
1070427	32.80
1070430	34.00
1070502	33.80
1070503	32.75
1070504	32.25
1070507	33.25
1070508	33.50
1070509	33.90
1070510	34.10
1070511	34.80
1070514	33.35
1070515	34.00
1070516	33.80
1070517	33.85
1070518	33.60
1070521	33.50
1070522	32.60
1070523	32.55
1070524	32.60
1070525	32.10
1070528	31.90
1070529	32.75
1070530	32.30
1070531	32.50
1070601	35.70
1070604	37.60
1070605	37.50
1070606	38.00
1070607	37.85
1070608	37.95
1070611	36.85
1070612	37.65
1070613	38.90
1070614	38.20
1070615	40.00
1070619	39.75
1070620	38.60
1070621	38.80
1070622	37.60
1070625	36.50
1070626	36.65
1070627	37.10
1070628	36.15
1070629	36.25
1070702	36.40
1070703	35.75
1070704	37.10
1070705	36.05
1070706	36.05
1070709	36.95
1070710	37.10
1070711	36.60
1070712	36.50
1070713	36.70
1070716	37.25
1070717	38.75
1070718	39.05
1070719	38.40
1070720	37.00
1070723	36.60
1070724	37.30
1070725	38.05
1070726	38.60
1070727	38.20
1070730	37.60
1070731	38.35
1070801	38.80
1070802	38.45
1070803	39.90
1070806	43.20
1070807	42.55
1070808	42.30
1070809	43.05
1070810	44.45
1070813	44.20
1070814	48.60
1070815	48.65
1070816	47.55
1070817	47.70
1070820	48.35
1070821	47.85
1070822	49.00
1070823	49.10
1070824	45.50
1070827	45.50
1070828	47.00
1070829	46.40
1070830	46.40
1070831	46.40
1070903	43.00
1070904	43.25
1070905	43.60
1070906	43.50
1070907	43.00
1070910	42.15
1070911	43.75
1070912	44.40
1070913	44.50
1070914	44.15
1070917	44.80
1070918	46.60
1070919	50.30
1070920	52.50
1070921	53.20
1070925	54.00
1070926	52.00
1070927	54.80
1070928	53.50
1071001	53.10
1071002	--
1071003	49.00
1071004	51.30
1071005	50.60
1071008	49.00
1071009	50.20
1071011	45.25
1071012	47.05
1071015	47.30
1071016	47.80
1071017	46.00
1071018	48.60
1071019	51.30
1071022	51.30
1071023	50.90
1071024	46.95
1071025	43.20
1071026	43.30
1071029	43.25
1071030	43.15
1071031	43.40
1071101	44.90
1071102	45.35
1071105	45.50
1071106	44.80
1071107	45.00
1071108	45.50
1071109	45.80
1071112	43.95
1071113	45.45
1071114	45.10
1071115	44.85
1071116	44.65
1071119	44.90
1071120	44.40
1071121	43.55
1071122	42.80
1071123	42.95
1071126	43.00
1071127	42.05
1071128	42.00
1071129	42.85
1071130	42.70
1071203	43.50
1071204	43.05
1071205	42.35
1071206	42.00
1071207	42.00
1071210	42.00
1071211	42.05
1071212	42.20
1071213	42.25
1071214	42.30
1071217	42.00
1071218	42.00
1071219	42.00
1071220	42.00
1071221	42.85
1071222	43.35
1071224	42.00
1071225	41.85
1071226	42.00
1071227	42.05
1071228	42.05
1080102	42.40
1080103	43.30
1080104	43.80
1080107	45.00
1080108	46.80
1080109	47.20
1080110	46.75
1080111	47.55
1080114	47.55
1080115	48.00
1080116	46.80
1080117	46.10
1080118	46.85
1080121	46.65
1080122	45.70
1080123	45.40
1080124	45.50
1080125	43.85
1080128	43.85
1080129	43.65
1080130	43.90
1080211	43.95
1080212	45.55
1080213	45.65
1080214	44.55
1080215	44.00
1080218	43.75
1080219	43.85
1080220	44.05
1080221	43.80
1080222	43.60
1080225	43.85
1080226	44.00
1080227	44.00
1080304	44.70
1080305	44.10
1080306	43.85
1080307	43.50
1080308	43.85
1080311	43.70
1080312	43.50
1080313	43.15
1080314	43.40
1080315	43.90
1080318	44.65
1080319	45.30
1080320	47.25
1080321	46.80
1080322	46.15
1080325	45.95
1080326	45.55
1080327	45.55
1080328	44.95
1080329	45.45
1080401	45.10
1080402	45.55
1080403	45.70
1080408	44.80
1080409	44.20
1080410	44.15
1080411	44.00
1080412	44.00
1080415	43.60
1080416	43.70
1080417	43.95
1080418	43.70
1080419	43.70
1080422	43.75
1080423	43.80
1080424	43.85
1080425	43.90
1080426	43.70
1080429	43.85
1080430	43.85
1080502	43.80
1080503	44.00
1080506	44.40
1080507	44.25
1080508	43.90
1080509	43.85
1080510	43.85
1080513	43.70
1080514	43.80
1080515	43.90
1080516	43.90
1080517	43.90
1080520	43.95
1080521	44.20
1080522	44.65
1080523	44.05
1080524	43.80
1080527	43.90
1080528	44.10
1080529	44.15
1080530	44.00
1080531	44.05
1080603	43.90
1080604	43.95
1080605	44.00
1080606	43.95
1080610	44.15
1080611	45.00
1080612	44.90
1080613	45.15
1080614	45.50
1080617	45.85
1080618	46.00
1080619	45.80
1080620	45.80
1080621	46.40
1080624	46.50
1080625	46.75
1080626	46.40
1080627	45.95
1080628	45.30
