1070102	29.50
1070103	29.40
1070104	29.25
1070105	29.10
1070108	29.30
1070109	29.00
1070110	29.15
1070111	28.95
1070112	29.20
1070115	28.50
1070116	28.60
1070117	28.85
1070118	28.55
1070119	28.55
1070122	28.50
1070123	28.50
1070124	28.50
1070125	28.50
1070126	28.60
1070129	28.40
1070130	28.15
1070131	28.00
1070201	27.90
1070202	28.00
1070205	27.95
1070206	26.70
1070207	27.20
1070208	27.20
1070209	26.85
1070212	26.90
1070221	27.45
1070222	28.10
1070223	28.35
1070226	28.55
1070227	28.40
1070301	28.40
1070302	28.10
1070305	27.15
1070306	27.05
1070307	27.10
1070308	27.05
1070309	26.80
1070312	26.95
1070313	26.90
1070314	26.90
1070315	27.80
1070316	27.85
1070319	27.80
1070320	27.70
1070321	27.60
1070322	27.35
1070323	27.10
1070326	27.05
1070327	27.15
1070328	27.15
1070329	27.30
1070330	27.75
1070331	27.85
1070402	27.85
1070403	27.65
1070409	27.90
1070410	27.55
1070411	27.50
1070412	27.35
1070413	27.20
1070416	27.00
1070417	27.10
1070418	27.05
1070419	27.10
1070420	27.20
1070423	27.10
1070424	26.90
1070425	26.95
1070426	26.85
1070427	26.75
1070430	26.70
1070502	26.80
1070503	27.00
1070504	26.90
1070507	26.85
1070508	26.80
1070509	26.85
1070510	26.85
1070511	26.85
1070514	26.70
1070515	26.30
1070516	26.15
1070517	26.15
1070518	25.90
1070521	25.85
1070522	25.70
1070523	25.60
1070524	25.55
1070525	25.55
1070528	26.25
1070529	26.00
1070530	25.90
1070531	26.00
1070601	26.00
1070604	26.15
1070605	26.10
1070606	26.05
1070607	26.10
1070608	26.10
1070611	26.10
1070612	26.20
1070613	26.30
1070614	26.40
1070615	26.50
1070619	26.20
1070620	26.30
1070621	26.40
1070622	26.30
1070625	26.25
1070626	25.85
1070627	26.10
1070628	26.00
1070629	26.05
1070702	25.95
1070703	25.90
1070704	26.00
1070705	25.90
1070706	25.90
1070709	26.05
1070710	26.15
1070711	26.30
1070712	26.10
1070713	26.15
1070716	26.00
1070717	26.00
1070718	24.00
1070719	23.95
1070720	23.75
1070723	23.15
1070724	23.20
1070725	23.30
1070726	23.80
1070727	23.75
1070730	23.85
1070731	24.05
1070801	24.00
1070802	23.60
1070803	23.65
1070806	23.65
1070807	23.85
1070808	23.90
1070809	23.90
1070810	23.75
1070813	23.50
1070814	23.60
1070815	23.40
1070816	23.10
1070817	22.80
1070820	21.60
1070821	21.10
1070822	21.30
1070823	21.30
1070824	21.20
1070827	21.05
1070828	21.10
1070829	21.40
1070830	21.55
1070831	21.55
1070903	21.60
1070904	21.50
1070905	21.50
1070906	21.55
1070907	21.30
1070910	21.05
1070911	21.40
1070912	21.30
1070913	21.35
1070914	21.45
1070917	21.40
1070918	21.40
1070919	21.75
1070920	21.55
1070921	21.50
1070925	21.60
1070926	21.45
1070927	21.20
1070928	21.10
1071001	21.20
1071002	21.40
1071003	21.50
1071004	21.30
1071005	21.15
1071008	21.00
1071009	21.00
1071011	19.45
1071012	19.65
1071015	19.60
1071016	19.60
1071017	19.50
1071018	19.25
1071019	18.65
1071022	18.90
1071023	18.75
1071024	18.85
1071025	18.80
1071026	18.70
1071029	18.70
1071030	18.80
1071031	19.55
1071101	19.65
1071102	19.80
1071105	19.55
1071106	19.40
1071107	19.75
1071108	19.70
1071109	19.60
1071112	19.30
1071113	19.20
1071114	19.60
1071115	19.70
1071116	19.55
1071119	19.55
1071120	19.70
1071121	19.60
1071122	19.40
1071123	19.40
1071126	19.65
1071127	19.60
1071128	19.55
1071129	19.60
1071130	19.60
1071203	19.85
1071204	19.75
1071205	19.70
1071206	19.35
1071207	19.40
1071210	19.20
1071211	19.25
1071212	19.35
1071213	19.30
1071214	19.30
1071217	19.50
1071218	19.40
1071219	19.40
1071220	19.30
1071221	19.30
1071222	19.40
1071224	19.40
1071225	19.25
1071226	19.20
1071227	19.30
1071228	19.10
1080102	19.15
1080103	19.05
1080104	19.05
1080107	19.30
1080108	19.00
1080109	19.35
1080110	19.25
1080111	19.20
1080114	19.20
1080115	19.25
1080116	19.15
1080117	19.10
1080118	19.15
1080121	19.55
1080122	19.45
1080123	19.35
1080124	19.35
1080125	19.35
1080128	19.55
1080129	19.50
1080130	19.40
1080211	19.50
1080212	19.55
1080213	19.55
1080214	20.00
1080215	20.35
1080218	20.40
1080219	20.30
1080220	20.40
1080221	20.25
1080222	20.40
1080225	20.55
1080226	20.65
1080227	20.60
1080304	20.55
1080305	20.50
1080306	20.55
1080307	20.20
1080308	20.05
1080311	20.05
1080312	20.05
1080313	20.05
1080314	20.10
1080315	20.20
1080318	19.95
1080319	19.85
1080320	19.80
1080321	19.85
1080322	19.90
1080325	19.70
1080326	19.65
1080327	19.60
1080328	19.50
1080329	19.60
1080401	19.55
1080402	19.45
1080403	19.50
1080408	19.40
1080409	19.35
1080410	19.20
1080411	19.15
1080412	19.15
1080415	19.15
1080416	19.25
1080417	19.40
1080418	19.35
1080419	19.30
1080422	19.30
1080423	19.25
1080424	19.25
1080425	19.25
1080426	19.25
1080429	19.20
1080430	19.30
1080502	19.30
1080503	19.25
1080506	19.20
1080507	19.20
1080508	19.10
1080509	19.00
1080510	18.90
1080513	18.70
1080514	18.45
1080515	18.60
1080516	18.60
1080517	18.60
1080520	18.65
1080521	18.95
1080522	18.85
1080523	18.50
1080524	18.40
1080527	18.55
1080528	18.35
1080529	18.50
1080530	18.45
1080531	18.45
1080603	18.45
1080604	18.45
1080605	18.70
1080606	18.55
1080610	18.60
1080611	18.75
1080612	18.65
1080613	18.55
1080614	18.75
1080617	18.60
1080618	18.60
1080619	18.75
1080620	18.65
1080621	18.75
1080624	18.95
1080625	18.90
1080626	19.00
1080627	19.20
1080628	19.20
