1070102	402.00
1070103	404.50
1070104	398.00
1070105	394.00
1070108	395.50
1070109	397.00
1070110	391.00
1070111	390.50
1070112	392.00
1070115	394.00
1070116	391.00
1070117	390.00
1070118	389.00
1070119	390.00
1070122	388.50
1070123	390.00
1070124	391.00
1070125	392.50
1070126	394.50
1070129	395.00
1070130	391.00
1070131	395.50
1070201	395.50
1070202	395.00
1070205	392.00
1070206	394.00
1070207	383.00
1070208	415.00
1070209	416.00
1070212	416.00
1070221	430.00
1070222	426.00
1070223	424.00
1070226	424.00
1070227	426.00
1070301	416.00
1070302	410.50
1070305	413.00
1070306	413.00
1070307	413.00
1070308	424.00
1070309	420.50
1070312	425.00
1070313	418.50
1070314	411.00
1070315	418.00
1070316	414.50
1070319	416.00
1070320	406.50
1070321	408.00
1070322	410.50
1070323	415.00
1070326	408.50
1070327	412.00
1070328	414.00
1070329	409.00
1070330	401.00
1070331	405.00
1070402	409.00
1070403	411.50
1070409	412.00
1070410	414.00
1070411	417.50
1070412	420.00
1070413	419.50
1070416	421.00
1070417	416.50
1070418	421.50
1070419	426.00
1070420	427.50
1070423	427.50
1070424	415.00
1070425	409.50
1070426	413.00
1070427	415.00
1070430	419.50
1070502	416.50
1070503	412.50
1070504	413.00
1070507	413.00
1070508	418.00
1070509	430.00
1070510	448.00
1070511	455.00
1070514	458.00
1070515	458.50
1070516	460.00
1070517	454.50
1070518	442.00
1070521	459.00
1070522	455.00
1070523	450.00
1070524	448.00
1070525	448.00
1070528	445.50
1070529	450.00
1070530	443.00
1070531	438.00
1070601	440.00
1070604	430.50
1070605	440.00
1070606	430.00
1070607	435.50
1070608	443.00
1070611	428.00
1070612	430.00
1070613	433.00
1070614	434.00
1070615	431.00
1070619	423.00
1070620	429.00
1070621	433.00
1070622	437.00
1070625	431.50
1070626	435.00
1070627	428.50
1070628	437.50
1070629	430.50
1070702	426.50
1070703	438.00
1070704	433.00
1070705	428.50
1070706	421.50
1070709	424.50
1070710	415.50
1070711	422.00
1070712	417.00
1070713	427.00
1070716	433.00
1070717	423.50
1070718	430.00
1070719	425.50
1070720	428.00
1070723	429.50
1070724	426.00
1070725	430.00
1070726	434.00
1070727	445.00
1070730	427.00
1070731	422.00
1070801	429.50
1070802	427.00
1070803	428.00
1070806	430.00
1070807	433.50
1070808	413.00
1070809	412.50
1070810	410.00
1070813	411.00
1070814	410.00
1070815	408.00
1070816	404.00
1070817	404.00
1070820	409.50
1070821	411.00
1070822	411.50
1070823	412.00
1070824	414.50
1070827	407.50
1070828	406.00
1070829	403.50
1070830	398.50
1070831	391.00
1070903	389.00
1070904	391.50
1070905	391.50
1070906	390.00
1070907	389.00
1070910	385.00
1070911	385.00
1070912	384.00
1070913	383.00
1070914	387.00
1070917	391.00
1070918	390.00
1070919	389.50
1070920	390.00
1070921	391.00
1070925	393.00
1070926	391.00
1070927	386.00
1070928	401.00
1071001	395.50
1071002	397.50
1071003	391.50
1071004	382.00
1071005	373.50
1071008	377.00
1071009	373.50
1071011	360.00
1071012	358.00
1071015	363.00
1071016	363.00
1071017	369.00
1071018	357.00
1071019	360.00
1071022	352.00
1071023	346.50
1071024	350.50
1071025	350.50
1071026	340.50
1071029	311.00
1071030	294.50
1071031	321.50
1071101	322.00
1071102	332.50
1071105	327.50
1071106	316.00
1071107	330.00
1071108	334.00
1071109	325.00
1071112	327.00
1071113	327.00
1071114	331.00
1071115	325.50
1071116	319.50
1071119	335.50
1071120	332.00
1071121	333.00
1071122	330.00
1071123	325.50
1071126	325.50
1071127	329.00
1071128	336.00
1071129	337.00
1071130	335.50
1071203	349.00
1071204	347.00
1071205	337.50
1071206	322.00
1071207	327.00
1071210	329.00
1071211	331.50
1071212	326.00
1071213	328.00
1071214	328.50
1071217	329.00
1071218	327.50
1071219	316.00
1071220	309.50
1071221	308.50
1071222	310.00
1071224	305.00
1071225	307.50
1071226	306.50
1071227	306.00
1071228	320.00
1080102	314.00
1080103	324.00
1080104	334.00
1080107	340.00
1080108	344.50
1080109	349.00
1080110	358.50
1080111	349.00
1080114	345.00
1080115	347.50
1080116	343.50
1080117	339.50
1080118	342.50
1080121	343.50
1080122	339.00
1080123	339.50
1080124	342.50
1080125	345.00
1080128	345.50
1080129	340.00
1080130	343.00
1080211	343.00
1080212	341.50
1080213	345.00
1080214	346.00
1080215	343.00
1080218	341.00
1080219	339.50
1080220	333.00
1080221	332.50
1080222	327.00
1080225	330.00
1080226	332.50
1080227	335.00
1080304	340.00
1080305	340.00
1080306	345.50
1080307	343.50
1080308	340.00
1080311	341.00
1080312	343.00
1080313	345.00
1080314	345.50
1080315	345.00
1080318	346.00
1080319	341.50
1080320	350.00
1080321	350.00
1080322	350.00
1080325	343.00
1080326	345.00
1080327	343.00
1080328	340.00
1080329	343.50
1080401	345.00
1080402	339.50
1080403	333.00
1080408	329.50
1080409	329.50
1080410	326.00
1080411	329.50
1080412	324.00
1080415	322.00
1080416	326.00
1080417	334.00
1080418	330.50
1080419	332.00
1080422	332.00
1080423	333.50
1080424	331.00
1080425	327.00
1080426	325.50
1080429	326.00
1080430	324.50
1080502	329.00
1080503	323.50
1080506	318.50
1080507	321.50
1080508	317.50
1080509	306.50
1080510	306.50
1080513	303.00
1080514	302.50
1080515	307.00
1080516	307.50
1080517	301.00
1080520	302.50
1080521	307.00
1080522	308.50
1080523	306.00
1080524	306.00
1080527	305.50
1080528	306.00
1080529	303.50
1080530	304.00
1080531	304.00
1080603	302.00
1080604	302.50
1080605	300.50
1080606	293.00
1080610	287.00
1080611	291.00
1080612	289.50
1080613	289.50
1080614	285.00
1080617	295.00
1080618	297.50
1080619	300.00
1080620	301.50
1080621	301.00
1080624	301.00
1080625	299.00
1080626	306.00
1080627	306.00
1080628	306.50
