1070102	17.10
1070103	17.20
1070104	17.65
1070105	17.25
1070108	17.20
1070109	17.40
1070110	17.70
1070111	17.90
1070112	18.20
1070115	17.95
1070116	17.90
1070117	17.75
1070118	17.70
1070119	17.45
1070122	17.50
1070123	17.45
1070124	17.35
1070125	17.40
1070126	17.50
1070129	17.40
1070130	17.35
1070131	17.25
1070201	17.25
1070202	17.40
1070205	17.60
1070206	17.15
1070207	17.10
1070208	17.40
1070209	17.65
1070212	17.80
1070221	17.90
1070222	17.95
1070223	18.10
1070226	18.35
1070227	18.05
1070301	18.00
1070302	17.85
1070305	18.10
1070306	17.90
1070307	17.90
1070308	18.00
1070309	17.85
1070312	18.45
1070313	18.20
1070314	18.20
1070315	18.35
1070316	18.30
1070319	19.10
1070320	19.00
1070321	19.00
1070322	18.90
1070323	18.50
1070326	18.35
1070327	18.40
1070328	18.30
1070329	18.30
1070330	18.20
1070331	18.20
1070402	18.00
1070403	17.90
1070409	17.90
1070410	18.00
1070411	18.45
1070412	18.25
1070413	18.05
1070416	18.00
1070417	18.15
1070418	--
1070419	18.10
1070420	18.40
1070423	18.00
1070424	17.90
1070425	17.90
1070426	17.80
1070427	17.85
1070430	17.85
1070502	17.90
1070503	17.90
1070504	18.10
1070507	18.00
1070508	17.90
1070509	17.90
1070510	18.00
1070511	18.00
1070514	17.85
1070515	17.85
1070516	17.80
1070517	17.70
1070518	17.70
1070521	17.75
1070522	17.70
1070523	17.70
1070524	17.90
1070525	17.70
1070528	17.80
1070529	17.80
1070530	17.70
1070531	17.70
1070601	17.70
1070604	17.65
1070605	17.70
1070606	17.75
1070607	17.80
1070608	17.80
1070611	17.85
1070612	17.75
1070613	17.80
1070614	17.90
1070615	18.00
1070619	17.90
1070620	17.80
1070621	17.80
1070622	17.90
1070625	17.90
1070626	17.90
1070627	17.90
1070628	17.90
1070629	17.90
1070702	17.75
1070703	17.15
1070704	16.75
1070705	16.35
1070706	16.45
1070709	16.55
1070710	16.70
1070711	16.70
1070712	16.65
1070713	16.55
1070716	16.70
1070717	16.70
1070718	16.80
1070719	16.75
1070720	17.00
1070723	17.00
1070724	16.85
1070725	16.85
1070726	16.70
1070727	16.70
1070730	16.75
1070731	16.75
1070801	16.95
1070802	16.70
1070803	16.80
1070806	16.70
1070807	16.90
1070808	16.90
1070809	16.70
1070810	16.90
1070813	16.60
1070814	16.90
1070815	16.75
1070816	16.75
1070817	16.75
1070820	16.75
1070821	16.70
1070822	16.70
1070823	16.65
1070824	16.65
1070827	16.90
1070828	16.85
1070829	16.90
1070830	16.55
1070831	16.50
1070903	16.65
1070904	16.70
1070905	16.60
1070906	--
1070907	16.60
1070910	16.70
1070911	16.70
1070912	16.65
1070913	16.70
1070914	16.85
1070917	16.85
1070918	16.70
1070919	16.70
1070920	16.70
1070921	16.80
1070925	16.80
1070926	16.70
1070927	16.70
1070928	16.75
1071001	16.90
1071002	16.90
1071003	16.85
1071004	16.85
1071005	16.70
1071008	16.65
1071009	16.90
1071011	16.50
1071012	16.55
1071015	16.60
1071016	16.70
1071017	16.75
1071018	16.90
1071019	16.80
1071022	16.80
1071023	16.80
1071024	16.70
1071025	16.55
1071026	16.55
1071029	16.55
1071030	16.60
1071031	--
1071101	16.60
1071102	16.65
1071105	16.85
1071106	16.85
1071107	16.70
1071108	16.75
1071109	16.70
1071112	16.50
1071113	16.20
1071114	15.85
1071115	16.25
1071116	--
1071119	16.10
1071120	15.60
1071121	15.60
1071122	15.60
1071123	--
1071126	15.65
1071127	15.85
1071128	15.75
1071129	15.70
1071130	15.95
1071203	15.80
1071204	15.70
1071205	15.70
1071206	15.50
1071207	15.50
1071210	15.50
1071211	15.55
1071212	15.85
1071213	15.65
1071214	15.50
1071217	15.60
1071218	--
1071219	--
1071220	15.75
1071221	15.45
1071222	15.70
1071224	15.50
1071225	15.40
1071226	15.40
1071227	15.30
1071228	15.55
1080102	15.55
1080103	15.60
1080104	--
1080107	15.55
1080108	15.65
1080109	15.60
1080110	15.60
1080111	15.65
1080114	15.55
1080115	15.50
1080116	15.60
1080117	15.55
1080118	15.55
1080121	15.60
1080122	15.10
1080123	15.30
1080124	15.20
1080125	15.25
1080128	15.25
1080129	15.20
1080130	15.05
1080211	15.35
1080212	15.25
1080213	15.30
1080214	15.45
1080215	15.65
1080218	15.70
1080219	15.70
1080220	15.85
1080221	15.80
1080222	15.85
1080225	15.75
1080226	15.80
1080227	15.70
1080304	15.80
1080305	15.80
1080306	15.80
1080307	15.90
1080308	15.90
1080311	15.80
1080312	15.80
1080313	15.80
1080314	--
1080315	15.55
1080318	15.45
1080319	15.50
1080320	15.45
1080321	15.30
1080322	15.30
1080325	15.35
1080326	15.40
1080327	--
1080328	14.70
1080329	14.60
1080401	14.45
1080402	14.35
1080403	14.35
1080408	14.25
1080409	14.20
1080410	14.25
1080411	14.45
1080412	14.45
1080415	14.30
1080416	15.00
1080417	14.75
1080418	14.40
1080419	14.50
1080422	14.60
1080423	14.60
1080424	14.40
1080425	14.45
1080426	14.40
1080429	14.40
1080430	14.25
1080502	14.15
1080503	14.20
1080506	14.30
1080507	14.25
1080508	14.20
1080509	14.20
1080510	14.10
1080513	14.10
1080514	13.75
1080515	13.90
1080516	13.70
1080517	13.60
1080520	14.00
1080521	13.90
1080522	13.90
1080523	13.90
1080524	14.00
1080527	--
1080528	--
1080529	13.90
1080530	13.85
1080531	13.75
1080603	13.45
1080604	--
1080605	13.25
1080606	13.25
1080610	12.95
1080611	12.90
1080612	12.85
1080613	12.95
1080614	13.00
1080617	13.45
1080618	14.30
1080619	14.10
1080620	14.10
1080621	14.00
1080624	14.00
1080625	14.10
1080626	14.15
1080627	14.30
1080628	14.10
1080701	14.25
1080702	14.10
1080703	14.10
1080704	14.15
1080705	--
