1070102	26.35
1070103	26.30
1070104	26.40
1070105	26.75
1070108	26.50
1070109	26.45
1070110	26.40
1070111	26.50
1070112	26.60
1070115	26.60
1070116	26.95
1070117	26.70
1070118	26.60
1070119	26.40
1070122	26.40
1070123	26.40
1070124	26.25
1070125	26.15
1070126	26.00
1070129	26.05
1070130	26.00
1070131	26.10
1070201	26.45
1070202	26.40
1070205	26.25
1070206	26.00
1070207	26.00
1070208	26.00
1070209	26.00
1070212	26.00
1070221	26.40
1070222	26.60
1070223	27.00
1070226	27.05
1070227	27.10
1070301	27.10
1070302	27.05
1070305	27.00
1070306	26.85
1070307	27.00
1070308	26.90
1070309	26.70
1070312	26.75
1070313	26.50
1070314	26.95
1070315	26.60
1070316	26.80
1070319	27.60
1070320	27.15
1070321	26.95
1070322	26.75
1070323	26.80
1070326	26.75
1070327	27.00
1070328	27.00
1070329	26.95
1070330	27.05
1070331	27.60
1070402	27.50
1070403	27.40
1070409	27.45
1070410	27.25
1070411	27.50
1070412	27.90
1070413	28.40
1070416	28.20
1070417	27.60
1070418	27.80
1070419	27.70
1070420	27.70
1070423	27.30
1070424	27.25
1070425	27.00
1070426	27.15
1070427	27.20
1070430	26.90
1070502	27.00
1070503	27.05
1070504	27.30
1070507	27.20
1070508	27.10
1070509	27.20
1070510	27.75
1070511	27.35
1070514	28.00
1070515	28.00
1070516	27.85
1070517	27.80
1070518	27.50
1070521	27.40
1070522	27.30
1070523	27.00
1070524	27.00
1070525	27.30
1070528	26.90
1070529	26.80
1070530	--
1070531	26.95
1070601	26.95
1070604	27.00
1070605	27.00
1070606	27.00
1070607	27.75
1070608	27.75
1070611	28.30
1070612	28.10
1070613	27.70
1070614	27.75
1070615	27.80
1070619	27.80
1070620	27.70
1070621	27.85
1070622	28.30
1070625	28.45
1070626	28.15
1070627	27.10
1070628	27.10
1070629	27.25
1070702	27.50
1070703	27.00
1070704	27.30
1070705	27.00
1070706	26.80
1070709	27.00
1070710	27.20
1070711	27.10
1070712	27.05
1070713	27.15
1070716	--
1070717	26.85
1070718	27.75
1070719	27.10
1070720	27.00
1070723	26.65
1070724	27.00
1070725	26.95
1070726	26.90
1070727	26.70
1070730	26.85
1070731	26.85
1070801	27.00
1070802	26.85
1070803	27.10
1070806	27.30
1070807	27.35
1070808	27.25
1070809	27.40
1070810	27.50
1070813	27.00
1070814	27.00
1070815	27.25
1070816	27.20
1070817	27.35
1070820	27.30
1070821	27.00
1070822	27.20
1070823	27.60
1070824	27.40
1070827	27.75
1070828	28.00
1070829	28.15
1070830	28.15
1070831	27.90
1070903	28.15
1070904	28.30
1070905	28.05
1070906	28.35
1070907	27.70
1070910	27.30
1070911	27.30
1070912	27.50
1070913	27.50
1070914	27.90
1070917	27.60
1070918	27.45
1070919	27.30
1070920	27.30
1070921	27.55
1070925	27.60
1070926	27.85
1070927	28.00
1070928	27.95
1071001	28.00
1071002	27.85
1071003	27.90
1071004	27.90
1071005	27.80
1071008	27.90
1071009	28.00
1071011	27.20
1071012	27.60
1071015	27.60
1071016	27.60
1071017	27.50
1071018	27.45
1071019	27.10
1071022	27.10
1071023	26.90
1071024	27.25
1071025	26.40
1071026	26.45
1071029	26.90
1071030	--
1071031	26.80
1071101	26.70
1071102	26.95
1071105	27.00
1071106	26.90
1071107	27.15
1071108	27.05
1071109	--
1071112	26.95
1071113	27.45
1071114	27.80
1071115	27.80
1071116	27.85
1071119	28.10
1071120	28.10
1071121	28.05
1071122	28.20
1071123	28.05
1071126	28.10
1071127	28.05
1071128	27.90
1071129	28.20
1071130	29.15
1071203	29.75
1071204	29.30
1071205	29.50
1071206	29.15
1071207	29.65
1071210	29.35
1071211	29.25
1071212	29.30
1071213	28.90
1071214	28.65
1071217	28.60
1071218	29.10
1071219	28.70
1071220	28.80
1071221	28.90
1071222	28.85
1071224	28.85
1071225	28.75
1071226	28.65
1071227	28.60
1071228	28.85
1080102	28.60
1080103	28.75
1080104	28.70
1080107	28.70
1080108	29.40
1080109	29.60
1080110	30.20
1080111	30.15
1080114	30.20
1080115	30.40
1080116	31.15
1080117	31.15
1080118	31.20
1080121	30.85
1080122	30.80
1080123	30.50
1080124	30.25
1080125	30.60
1080128	30.70
1080129	30.70
1080130	30.85
1080211	31.40
1080212	31.30
1080213	32.50
1080214	32.60
1080215	33.10
1080218	33.55
1080219	33.25
1080220	33.20
1080221	33.25
1080222	33.60
1080225	33.75
1080226	33.20
1080227	33.30
1080304	33.30
1080305	33.90
1080306	33.80
1080307	34.30
1080308	34.45
1080311	34.60
1080312	34.75
1080313	34.85
1080314	34.90
1080315	34.95
1080318	34.85
1080319	35.00
1080320	35.20
1080321	35.20
1080322	35.15
1080325	35.10
1080326	34.85
1080327	34.80
1080328	35.10
1080329	34.95
1080401	35.00
1080402	35.30
1080403	35.45
1080408	35.30
1080409	36.30
1080410	36.25
1080411	36.25
1080412	36.15
1080415	36.20
1080416	36.25
1080417	36.25
1080418	35.70
1080419	35.45
1080422	35.50
1080423	35.40
1080424	35.80
1080425	35.80
1080426	35.60
1080429	35.55
1080430	36.45
1080502	36.55
1080503	36.70
1080506	40.35
1080507	39.55
1080508	39.90
1080509	38.30
1080510	37.50
1080513	38.80
1080514	38.85
1080515	39.30
1080516	39.35
1080517	39.30
1080520	39.50
1080521	39.30
1080522	39.00
1080523	39.20
1080524	39.40
1080527	40.50
1080528	39.95
1080529	39.85
1080530	40.20
1080531	40.50
1080603	42.15
1080604	41.40
1080605	41.70
1080606	41.30
1080610	43.00
1080611	42.95
1080612	42.85
1080613	42.65
1080614	42.50
1080617	42.50
1080618	42.40
1080619	42.85
1080620	42.60
1080621	42.30
1080624	42.25
1080625	42.30
1080626	42.10
1080627	42.40
1080628	42.60
1080701	41.90
1080702	41.85
1080703	41.50
1080704	41.55
1080705	41.50
