1070102	37.50
1070103	37.35
1070104	37.55
1070105	37.15
1070108	37.00
1070109	37.85
1070110	37.00
1070111	37.00
1070112	37.35
1070115	37.20
1070116	37.20
1070117	37.20
1070118	37.20
1070119	37.10
1070122	36.60
1070123	35.80
1070124	35.45
1070125	35.80
1070126	35.50
1070129	35.20
1070130	34.80
1070131	35.85
1070201	35.75
1070202	35.65
1070205	35.00
1070206	32.40
1070207	32.65
1070208	32.90
1070209	31.40
1070212	31.65
1070221	32.60
1070222	32.80
1070223	32.80
1070226	32.70
1070227	33.05
1070301	33.10
1070302	32.20
1070305	31.90
1070306	31.80
1070307	31.55
1070308	31.75
1070309	31.85
1070312	32.00
1070313	32.00
1070314	32.55
1070315	33.20
1070316	32.00
1070319	31.45
1070320	31.00
1070321	30.80
1070322	30.60
1070323	29.65
1070326	29.40
1070327	29.50
1070328	29.50
1070329	29.75
1070330	30.45
1070331	30.60
1070402	30.30
1070403	30.10
1070409	29.70
1070410	30.20
1070411	30.50
1070412	30.45
1070413	30.40
1070416	30.00
1070417	29.85
1070418	30.10
1070419	30.20
1070420	30.15
1070423	30.20
1070424	29.90
1070425	30.10
1070426	29.85
1070427	29.85
1070430	29.90
1070502	30.25
1070503	30.25
1070504	30.00
1070507	30.00
1070508	30.10
1070509	29.95
1070510	30.20
1070511	32.00
1070514	31.90
1070515	31.95
1070516	32.20
1070517	32.25
1070518	32.30
1070521	32.70
1070522	32.85
1070523	32.30
1070524	31.65
1070525	31.35
1070528	30.95
1070529	30.55
1070530	30.20
1070531	31.50
1070601	31.30
1070604	32.05
1070605	31.85
1070606	31.85
1070607	31.75
1070608	31.85
1070611	31.65
1070612	31.95
1070613	31.90
1070614	31.75
1070615	32.00
1070619	31.80
1070620	31.10
1070621	31.05
1070622	30.55
1070625	30.70
1070626	31.00
1070627	31.45
1070628	31.45
1070629	32.80
1070702	32.10
1070703	31.55
1070704	32.30
1070705	32.00
1070706	31.50
1070709	32.05
1070710	31.85
1070711	31.05
1070712	31.15
1070713	31.25
1070716	31.00
1070717	30.80
1070718	30.40
1070719	31.20
1070720	31.10
1070723	31.20
1070724	31.80
1070725	31.40
1070726	31.70
1070727	31.60
1070730	31.75
1070731	32.00
1070801	32.00
1070802	31.85
1070803	32.10
1070806	32.10
1070807	31.75
1070808	31.80
1070809	31.50
1070810	31.85
1070813	31.40
1070814	31.65
1070815	31.70
1070816	31.25
1070817	31.05
1070820	30.55
1070821	31.05
1070822	30.85
1070823	31.25
1070824	31.30
1070827	31.40
1070828	31.80
1070829	31.65
1070830	31.90
1070831	32.00
1070903	31.85
1070904	31.95
1070905	31.40
1070906	31.00
1070907	30.95
1070910	30.40
1070911	31.30
1070912	31.40
1070913	31.60
1070914	31.80
1070917	31.60
1070918	32.00
1070919	31.80
1070920	31.90
1070921	33.40
1070925	34.40
1070926	34.30
1070927	34.45
1070928	33.90
1071001	34.75
1071002	34.60
1071003	33.55
1071004	33.60
1071005	33.25
1071008	33.35
1071009	33.20
1071011	30.95
1071012	31.65
1071015	30.50
1071016	30.60
1071017	30.35
1071018	30.55
1071019	30.00
1071022	29.80
1071023	29.30
1071024	28.90
1071025	28.40
1071026	28.65
1071029	28.00
1071030	28.10
1071031	28.50
1071101	28.60
1071102	28.80
1071105	29.00
1071106	29.30
1071107	29.10
1071108	29.25
1071109	28.80
1071112	28.65
1071113	28.70
1071114	28.60
1071115	28.00
1071116	28.35
1071119	28.00
1071120	27.80
1071121	27.65
1071122	27.70
1071123	27.00
1071126	26.85
1071127	26.70
1071128	27.15
1071129	27.40
1071130	27.40
1071203	27.55
1071204	27.75
1071205	27.45
1071206	27.35
1071207	27.45
1071210	27.20
1071211	27.20
1071212	27.80
1071213	27.80
1071214	27.70
1071217	27.70
1071218	27.65
1071219	27.65
1071220	27.10
1071221	26.80
1071222	26.80
1071224	26.90
1071225	26.80
1071226	26.80
1071227	26.95
1071228	27.05
1080102	26.80
1080103	27.00
1080104	27.15
1080107	27.70
1080108	27.50
1080109	27.85
1080110	27.65
1080111	28.00
1080114	27.65
1080115	27.85
1080116	27.65
1080117	28.25
1080118	28.30
1080121	28.05
1080122	28.20
1080123	27.95
1080124	27.95
1080125	28.25
1080128	28.15
1080129	28.10
1080130	27.95
1080211	28.30
1080212	28.00
1080213	27.90
1080214	28.00
1080215	27.70
1080218	27.85
1080219	28.00
1080220	28.40
1080221	28.30
1080222	28.10
1080225	28.10
1080226	28.20
1080227	28.25
1080304	28.30
1080305	28.20
1080306	28.05
1080307	28.00
1080308	28.15
1080311	28.95
1080312	28.50
1080313	28.10
1080314	27.90
1080315	27.15
1080318	27.25
1080319	27.30
1080320	27.30
1080321	27.40
1080322	27.30
1080325	27.25
1080326	27.30
1080327	27.30
1080328	27.45
1080329	27.50
1080401	27.80
1080402	27.60
1080403	27.45
1080408	27.45
1080409	27.50
1080410	27.60
1080411	27.45
1080412	27.40
1080415	27.30
1080416	28.30
1080417	28.95
1080418	29.10
1080419	28.90
1080422	29.20
1080423	29.15
1080424	28.85
1080425	28.75
1080426	28.30
1080429	28.50
1080430	28.45
1080502	28.55
1080503	28.85
1080506	28.30
1080507	28.40
1080508	28.65
1080509	28.25
1080510	27.85
1080513	27.40
1080514	27.40
1080515	27.45
1080516	27.40
1080517	26.95
1080520	27.15
1080521	27.60
1080522	27.65
1080523	27.65
1080524	27.65
1080527	27.80
1080528	28.15
1080529	28.05
1080530	28.05
1080531	28.05
1080603	27.80
1080604	27.95
1080605	27.75
1080606	27.55
1080610	27.60
1080611	27.35
1080612	27.45
1080613	27.35
1080614	27.25
1080617	27.15
1080618	27.40
1080619	27.50
1080620	27.60
1080621	27.70
1080624	27.75
1080625	27.65
1080626	27.70
1080627	27.70
1080628	27.70
