1070102	272.00
1070103	273.00
1070104	271.00
1070105	272.50
1070108	274.00
1070109	272.00
1070110	270.00
1070111	269.00
1070112	269.50
1070115	265.50
1070116	266.00
1070117	268.50
1070118	267.50
1070119	266.00
1070122	263.50
1070123	265.50
1070124	263.50
1070125	267.00
1070126	266.00
1070129	265.50
1070130	263.50
1070131	264.50
1070201	263.00
1070202	264.50
1070205	266.00
1070206	251.00
1070207	252.50
1070208	253.50
1070209	249.00
1070212	250.00
1070221	253.00
1070222	254.00
1070223	255.00
1070226	257.00
1070227	259.00
1070301	257.00
1070302	258.00
1070305	254.00
1070306	254.00
1070307	253.00
1070308	252.50
1070309	253.50
1070312	252.50
1070313	252.00
1070314	250.50
1070315	251.00
1070316	253.00
1070319	253.00
1070320	251.50
1070321	252.00
1070322	251.00
1070323	253.00
1070326	251.00
1070327	265.00
1070328	265.00
1070329	267.50
1070330	267.50
1070331	267.00
1070402	264.00
1070403	266.00
1070409	267.50
1070410	267.00
1070411	268.00
1070412	264.50
1070413	265.50
1070416	263.00
1070417	263.00
1070418	262.00
1070419	262.50
1070420	264.00
1070423	262.00
1070424	258.00
1070425	256.00
1070426	254.50
1070427	255.00
1070430	256.00
1070502	257.50
1070503	257.00
1070504	257.00
1070507	260.00
1070508	260.00
1070509	260.00
1070510	258.50
1070511	259.00
1070514	257.50
1070515	251.50
1070516	250.00
1070517	252.50
1070518	251.50
1070521	252.50
1070522	251.50
1070523	250.50
1070524	252.50
1070525	252.00
1070528	253.00
1070529	253.00
1070530	252.00
1070531	253.00
1070601	251.00
1070604	253.00
1070605	251.00
1070606	251.00
1070607	251.50
1070608	251.50
1070611	252.50
1070612	254.00
1070613	253.50
1070614	252.50
1070615	249.50
1070619	250.00
1070620	254.50
1070621	254.50
1070622	253.50
1070625	252.00
1070626	253.00
1070627	253.50
1070628	252.00
1070629	252.50
1070702	252.00
1070703	252.50
1070704	255.00
1070705	252.50
1070706	255.00
1070709	254.50
1070710	255.50
1070711	252.00
1070712	253.00
1070713	258.00
1070716	263.00
1070717	261.00
1070718	264.00
1070719	262.00
1070720	261.00
1070723	258.00
1070724	259.00
1070725	259.00
1070726	257.50
1070727	258.50
1070730	260.50
1070731	261.00
1070801	264.00
1070802	263.00
1070803	261.50
1070806	261.50
1070807	263.50
1070808	265.50
1070809	266.00
1070810	266.00
1070813	264.50
1070814	264.00
1070815	263.50
1070816	264.00
1070817	265.00
1070820	265.50
1070821	245.50
1070822	245.50
1070823	246.00
1070824	247.50
1070827	246.50
1070828	246.00
1070829	245.00
1070830	244.00
1070831	242.50
1070903	242.50
1070904	242.50
1070905	240.50
1070906	237.50
1070907	234.00
1070910	234.50
1070911	233.00
1070912	235.50
1070913	240.00
1070914	243.50
1070917	240.00
1070918	240.50
1070919	243.00
1070920	241.00
1070921	239.00
1070925	238.00
1070926	238.50
1070927	240.00
1070928	239.00
1071001	239.50
1071002	240.00
1071003	239.00
1071004	239.00
1071005	236.50
1071008	235.00
1071009	237.50
1071011	228.00
1071012	222.00
1071015	218.00
1071016	217.00
1071017	219.00
1071018	220.00
1071019	218.50
1071022	221.00
1071023	218.50
1071024	219.50
1071025	219.00
1071026	217.00
1071029	217.50
1071030	212.50
1071031	214.50
1071101	217.50
1071102	216.50
1071105	218.00
1071106	217.00
1071107	217.50
1071108	218.50
1071109	218.00
1071112	219.00
1071113	221.50
1071114	222.50
1071115	222.50
1071116	222.00
1071119	224.00
1071120	223.00
1071121	222.00
1071122	221.00
1071123	220.00
1071126	225.50
1071127	225.50
1071128	226.50
1071129	229.00
1071130	230.00
1071203	232.50
1071204	231.50
1071205	228.50
1071206	222.00
1071207	225.00
1071210	225.50
1071211	224.00
1071212	227.00
1071213	229.50
1071214	229.50
1071217	229.50
1071218	228.00
1071219	229.50
1071220	225.50
1071221	228.00
1071222	229.00
1071224	225.50
1071225	226.00
1071226	224.00
1071227	227.00
1071228	228.50
1080102	228.50
1080103	228.50
1080104	227.50
1080107	229.00
1080108	229.50
1080109	229.50
1080110	229.50
1080111	230.00
1080114	228.00
1080115	229.00
1080116	226.00
1080117	227.00
1080118	227.00
1080121	229.00
1080122	229.50
1080123	228.00
1080124	230.00
1080125	229.00
1080128	230.00
1080129	229.50
1080130	230.00
1080211	229.50
1080212	231.50
1080213	229.50
1080214	229.50
1080215	228.50
1080218	228.50
1080219	230.00
1080220	234.50
1080221	234.00
1080222	235.00
1080225	237.50
1080226	240.50
1080227	239.00
1080304	242.00
1080305	242.00
1080306	242.00
1080307	244.00
1080308	242.50
1080311	244.50
1080312	243.00
1080313	241.50
1080314	241.50
1080315	243.50
1080318	251.50
1080319	255.00
1080320	253.50
1080321	247.00
1080322	249.50
1080325	246.00
1080326	248.00
1080327	250.00
1080328	253.50
1080329	254.00
1080401	251.50
1080402	254.00
1080403	253.00
1080408	252.00
1080409	253.50
1080410	255.50
1080411	254.00
1080412	254.00
1080415	254.00
1080416	254.00
1080417	257.50
1080418	258.50
1080419	258.50
1080422	256.00
1080423	255.00
1080424	255.50
1080425	255.00
1080426	255.00
1080429	256.50
1080430	259.00
1080502	266.50
1080503	264.50
1080506	257.00
1080507	257.50
1080508	257.00
1080509	253.50
1080510	253.00
1080513	250.00
1080514	252.00
1080515	253.00
1080516	250.50
1080517	249.50
1080520	253.50
1080521	259.00
1080522	264.00
1080523	262.00
1080524	263.00
1080527	268.50
1080528	275.50
1080529	280.00
1080530	280.50
1080531	271.50
1080603	273.50
1080604	276.50
1080605	273.00
1080606	276.00
1080610	276.50
1080611	274.00
1080612	272.50
1080613	272.50
1080614	272.50
1080617	270.50
1080618	272.50
1080619	276.50
1080620	277.00
1080621	279.00
1080624	280.00
1080625	276.00
1080626	277.50
1080627	277.50
1080628	275.00
