1070102	104.50
1070103	107.50
1070104	108.00
1070105	110.00
1070108	107.50
1070109	108.50
1070110	108.50
1070111	108.00
1070112	108.00
1070115	109.00
1070116	109.50
1070117	109.50
1070118	109.00
1070119	108.50
1070122	107.50
1070123	107.00
1070124	108.50
1070125	107.50
1070126	108.00
1070129	108.50
1070130	107.00
1070131	106.00
1070201	105.00
1070202	103.50
1070205	102.00
1070206	97.60
1070207	98.10
1070208	97.80
1070209	97.60
1070212	97.80
1070221	99.40
1070222	100.00
1070223	100.00
1070226	101.00
1070227	101.00
1070301	101.00
1070302	100.00
1070305	99.60
1070306	101.50
1070307	106.00
1070308	107.50
1070309	108.00
1070312	110.50
1070313	110.50
1070314	109.00
1070315	108.50
1070316	110.00
1070319	111.00
1070320	110.50
1070321	107.50
1070322	106.50
1070323	105.00
1070326	106.50
1070327	108.50
1070328	107.00
1070329	108.00
1070330	107.50
1070331	107.00
1070402	108.00
1070403	107.50
1070409	112.00
1070410	109.50
1070411	113.50
1070412	117.00
1070413	116.50
1070416	116.00
1070417	114.00
1070418	114.50
1070419	114.50
1070420	114.00
1070423	111.50
1070424	114.50
1070425	113.50
1070426	112.00
1070427	112.50
1070430	111.50
1070502	111.50
1070503	111.00
1070504	110.50
1070507	110.00
1070508	112.50
1070509	110.00
1070510	112.00
1070511	110.50
1070514	110.50
1070515	110.00
1070516	109.00
1070517	109.00
1070518	108.50
1070521	107.00
1070522	108.50
1070523	110.00
1070524	108.50
1070525	108.50
1070528	109.00
1070529	108.00
1070530	106.50
1070531	106.50
1070601	108.00
1070604	108.50
1070605	108.00
1070606	110.00
1070607	111.50
1070608	109.50
1070611	109.50
1070612	109.00
1070613	109.00
1070614	107.50
1070615	105.50
1070619	104.50
1070620	105.50
1070621	107.50
1070622	107.50
1070625	107.50
1070626	106.00
1070627	107.00
1070628	106.50
1070629	108.00
1070702	108.00
1070703	107.00
1070704	107.00
1070705	105.00
1070706	106.00
1070709	106.50
1070710	106.50
1070711	107.00
1070712	107.50
1070713	110.00
1070716	109.50
1070717	108.00
1070718	108.50
1070719	110.00
1070720	110.00
1070723	110.00
1070724	111.50
1070725	112.00
1070726	112.50
1070727	111.50
1070730	110.50
1070731	112.00
1070801	112.00
1070802	112.00
1070803	113.50
1070806	115.50
1070807	114.50
1070808	115.50
1070809	113.00
1070810	113.50
1070813	112.00
1070814	112.00
1070815	111.00
1070816	111.00
1070817	111.00
1070820	109.00
1070821	110.00
1070822	109.00
1070823	109.50
1070824	109.50
1070827	112.00
1070828	112.00
1070829	111.00
1070830	112.00
1070831	112.00
1070903	110.00
1070904	110.50
1070905	113.00
1070906	112.50
1070907	108.50
1070910	103.00
1070911	102.50
1070912	101.50
1070913	100.00
1070914	104.00
1070917	104.00
1070918	102.00
1070919	104.00
1070920	105.00
1070921	107.00
1070925	109.00
1070926	107.00
1070927	105.50
1070928	84.10
1071001	84.90
1071002	84.90
1071003	84.20
1071004	80.80
1071005	78.50
1071008	78.00
1071009	74.20
1071011	68.60
1071012	72.20
1071015	72.00
1071016	71.70
1071017	70.70
1071018	69.90
1071019	67.80
1071022	69.40
1071023	69.20
1071024	68.70
1071025	66.70
1071026	64.70
1071029	65.40
1071030	64.70
1071031	65.30
1071101	66.80
1071102	69.10
1071105	69.80
1071106	69.10
1071107	70.10
1071108	69.40
1071109	68.40
1071112	68.50
1071113	69.90
1071114	70.70
1071115	69.70
1071116	69.80
1071119	70.40
1071120	69.90
1071121	69.30
1071122	68.90
1071123	68.90
1071126	69.30
1071127	70.60
1071128	70.90
1071129	70.90
1071130	71.30
1071203	75.30
1071204	75.00
1071205	71.90
1071206	69.30
1071207	69.80
1071210	69.50
1071211	70.20
1071212	71.70
1071213	73.00
1071214	73.90
1071217	74.40
1071218	74.00
1071219	72.80
1071220	72.10
1071221	71.80
1071222	71.20
1071224	70.50
1071225	69.10
1071226	68.70
1071227	69.30
1071228	69.80
1080102	69.80
1080103	69.50
1080104	67.70
1080107	68.50
1080108	68.60
1080109	69.10
1080110	68.60
1080111	69.70
1080114	73.00
1080115	73.80
1080116	74.00
1080117	75.00
1080118	74.80
1080121	74.70
1080122	73.00
1080123	73.30
1080124	73.50
1080125	73.70
1080128	72.80
1080129	73.20
1080130	73.70
1080211	73.80
1080212	75.20
1080213	75.20
1080214	75.50
1080215	76.00
1080218	77.20
1080219	76.40
1080220	75.90
1080221	76.40
1080222	78.20
1080225	79.90
1080226	79.00
1080227	78.70
1080304	79.60
1080305	79.00
1080306	79.00
1080307	77.40
1080308	77.30
1080311	77.20
1080312	78.00
1080313	78.00
1080314	78.20
1080315	79.10
1080318	79.00
1080319	82.40
1080320	82.30
1080321	82.40
1080322	81.70
1080325	78.50
1080326	80.00
1080327	79.90
1080328	78.20
1080329	78.60
1080401	78.70
1080402	79.60
1080403	80.00
1080408	79.60
1080409	80.50
1080410	80.50
1080411	79.20
1080412	79.20
1080415	80.00
1080416	80.10
1080417	80.50
1080418	79.50
1080419	79.40
1080422	78.60
1080423	78.20
1080424	77.90
1080425	77.90
1080426	75.70
1080429	74.60
1080430	76.70
1080502	77.00
1080503	77.00
1080506	75.20
1080507	75.40
1080508	74.40
1080509	72.90
1080510	72.80
1080513	68.90
1080514	70.30
1080515	71.50
1080516	70.70
1080517	70.00
1080520	69.50
1080521	71.30
1080522	71.10
1080523	69.90
1080524	70.60
1080527	70.60
1080528	70.60
1080529	71.00
1080530	70.60
1080531	70.50
1080603	70.30
1080604	70.00
1080605	70.30
1080606	69.50
1080610	69.40
1080611	69.70
1080612	70.50
1080613	70.70
1080614	70.40
1080617	70.10
1080618	70.80
1080619	71.70
1080620	72.00
1080621	72.10
1080624	72.50
1080625	71.30
1080626	71.70
1080627	71.90
1080628	71.90
1080701	72.60
1080702	73.00
1080703	73.20
1080704	73.00
1080705	72.50
