1070102	44.35
1070103	44.40
1070104	44.75
1070105	44.55
1070108	44.45
1070109	43.80
1070110	43.20
1070111	44.40
1070112	43.45
1070115	42.90
1070116	42.70
1070117	42.45
1070118	42.50
1070119	41.35
1070122	39.65
1070123	39.75
1070124	39.60
1070125	39.60
1070126	39.15
1070129	39.00
1070130	39.20
1070131	39.30
1070201	39.75
1070202	39.05
1070205	38.00
1070206	34.20
1070207	34.30
1070208	32.55
1070209	31.50
1070212	30.50
1070221	30.30
1070222	30.50
1070223	33.55
1070226	36.90
1070227	38.40
1070301	35.95
1070302	35.30
1070305	34.00
1070306	33.10
1070307	33.50
1070308	34.10
1070309	34.60
1070312	34.75
1070313	34.60
1070314	34.20
1070315	33.80
1070316	34.00
1070319	35.20
1070320	34.25
1070321	34.50
1070322	33.90
1070323	32.25
1070326	32.20
1070327	33.30
1070328	32.75
1070329	32.70
1070330	33.30
1070331	33.00
1070402	32.20
1070403	32.15
1070409	31.65
1070410	34.80
1070411	38.25
1070412	39.85
1070413	37.00
1070416	34.30
1070417	32.80
1070418	33.40
1070419	33.00
1070420	33.80
1070423	32.50
1070424	33.70
1070425	32.70
1070426	32.00
1070427	32.45
1070430	32.00
1070502	35.20
1070503	34.15
1070504	34.30
1070507	32.80
1070508	33.60
1070509	32.95
1070510	32.30
1070511	31.85
1070514	31.95
1070515	31.65
1070516	31.50
1070517	32.10
1070518	31.50
1070521	32.05
1070522	32.25
1070523	31.95
1070524	32.55
1070525	31.80
1070528	31.80
1070529	31.70
1070530	31.60
1070531	32.00
1070601	31.50
1070604	31.40
1070605	31.00
1070606	31.40
1070607	31.50
1070608	32.55
1070611	32.50
1070612	31.80
1070613	31.50
1070614	31.15
1070615	31.45
1070619	31.70
1070620	31.50
1070621	31.30
1070622	31.35
1070625	31.55
1070626	31.40
1070627	30.55
1070628	30.65
1070629	30.60
1070702	30.60
1070703	30.20
1070704	30.10
1070705	29.75
1070706	28.50
1070709	29.30
1070710	29.35
1070711	29.35
1070712	28.50
1070713	28.60
1070716	28.60
1070717	28.65
1070718	28.05
1070719	28.35
1070720	27.55
1070723	26.10
1070724	25.55
1070725	25.40
1070726	25.60
1070727	26.40
1070730	25.60
1070731	25.70
1070801	25.50
1070802	25.50
1070803	25.40
1070806	25.05
1070807	25.15
1070808	25.15
1070809	25.15
1070810	24.50
1070813	22.45
1070814	22.95
1070815	21.85
1070816	21.20
1070817	21.20
1070820	23.30
1070821	24.10
1070822	23.85
1070823	23.05
1070824	22.35
1070827	22.65
1070828	24.10
1070829	23.00
1070830	--
1070831	--
1070903	22.00
1070904	22.50
1070905	23.00
1070906	22.00
1070907	22.00
1070910	20.70
1070911	20.30
1070912	20.75
1070913	20.70
1070914	20.50
1070917	20.00
1070918	20.00
1070919	20.35
1070920	20.10
1070921	20.60
1070925	19.80
1070926	19.80
1070927	19.80
1070928	19.60
1071001	--
1071002	19.70
1071003	19.60
1071004	19.35
1071005	19.60
1071008	19.50
1071009	20.40
1071011	18.40
1071012	17.05
1071015	17.45
1071016	17.40
1071017	18.00
1071018	19.00
1071019	19.40
1071022	19.40
1071023	18.70
1071024	19.20
1071025	18.45
1071026	18.45
1071029	18.05
1071030	18.00
1071031	18.20
1071101	18.05
1071102	18.05
1071105	18.00
1071106	17.70
1071107	17.40
1071108	17.60
1071109	18.00
1071112	17.95
1071113	17.60
1071114	19.35
1071115	20.90
1071116	20.75
1071119	19.50
1071120	19.05
1071121	19.00
1071122	19.30
1071123	19.40
1071126	19.65
1071127	19.35
1071128	19.70
1071129	19.90
1071130	19.50
1071203	19.65
1071204	19.90
1071205	20.70
1071206	20.10
1071207	20.20
1071210	19.75
1071211	19.30
1071212	19.35
1071213	19.95
1071214	19.70
1071217	19.40
1071218	19.15
1071219	19.50
1071220	19.80
1071221	19.80
1071222	19.80
1071224	20.30
1071225	19.95
1071226	19.30
1071227	19.40
1071228	20.30
1080102	19.50
1080103	18.95
1080104	18.50
1080107	19.00
1080108	19.05
1080109	19.10
1080110	18.60
1080111	18.50
1080114	18.25
1080115	18.35
1080116	18.10
1080117	18.50
1080118	18.30
1080121	18.15
1080122	18.10
1080123	17.80
1080124	17.80
1080125	17.85
1080128	17.70
1080129	17.95
1080130	17.90
1080211	17.70
1080212	17.50
1080213	17.80
1080214	18.00
1080215	17.50
1080218	17.95
1080219	18.00
1080220	17.80
1080221	18.10
1080222	17.70
1080225	17.55
1080226	17.80
1080227	17.80
1080304	17.60
1080305	17.55
1080306	17.55
1080307	17.50
1080308	19.25
1080311	21.15
1080312	22.80
1080313	22.30
1080314	22.30
1080315	22.40
1080318	20.60
1080319	20.00
1080320	19.55
1080321	19.70
1080322	19.80
1080325	19.10
1080326	18.35
1080327	19.25
1080328	19.00
1080329	18.75
1080401	18.10
1080402	17.75
1080403	17.85
1080408	17.70
1080409	17.85
1080410	19.15
1080411	18.55
1080412	18.50
1080415	18.20
1080416	18.00
1080417	18.80
1080418	18.65
1080419	18.50
1080422	18.80
1080423	18.70
1080424	18.65
1080425	18.55
1080426	18.15
1080429	17.65
1080430	18.05
1080502	18.20
1080503	17.85
1080506	17.85
1080507	18.00
1080508	17.85
1080509	17.55
1080510	17.65
1080513	15.90
1080514	14.85
1080515	15.35
1080516	14.55
1080517	14.50
1080520	14.45
1080521	15.00
1080522	14.75
1080523	14.80
1080524	14.90
1080527	15.10
1080528	15.00
1080529	14.90
1080530	14.85
1080531	14.85
1080603	14.85
1080604	14.85
1080605	14.85
1080606	14.65
1080610	14.80
1080611	14.85
1080612	14.60
1080613	14.60
1080614	14.40
1080617	14.50
1080618	14.40
1080619	14.20
1080620	14.20
1080621	14.50
1080624	14.70
1080625	14.35
1080626	15.00
1080627	15.05
1080628	15.05
