1070102	40.60
1070103	40.00
1070104	39.75
1070105	39.90
1070108	39.90
1070109	39.40
1070110	39.90
1070111	38.80
1070112	40.10
1070115	40.20
1070116	40.35
1070117	40.35
1070118	41.40
1070119	41.25
1070122	41.20
1070123	41.60
1070124	41.90
1070125	43.10
1070126	42.90
1070129	43.00
1070130	42.50
1070131	42.80
1070201	41.85
1070202	41.95
1070205	41.20
1070206	39.30
1070207	39.60
1070208	38.35
1070209	37.65
1070212	37.45
1070221	39.60
1070222	39.35
1070223	42.70
1070226	43.00
1070227	42.00
1070301	42.70
1070302	43.00
1070305	43.00
1070306	43.30
1070307	42.60
1070308	42.70
1070309	42.60
1070312	42.00
1070313	41.75
1070314	40.75
1070315	42.35
1070316	41.75
1070319	41.95
1070320	41.75
1070321	41.10
1070322	41.40
1070323	40.50
1070326	40.25
1070327	40.80
1070328	40.60
1070329	40.70
1070330	40.65
1070331	41.40
1070402	41.10
1070403	40.30
1070409	40.40
1070410	40.50
1070411	40.50
1070412	40.95
1070413	41.20
1070416	41.40
1070417	41.05
1070418	40.65
1070419	40.50
1070420	40.85
1070423	40.25
1070424	39.15
1070425	40.00
1070426	39.80
1070427	39.95
1070430	39.25
1070502	38.60
1070503	38.00
1070504	38.00
1070507	37.60
1070508	38.50
1070509	38.15
1070510	38.45
1070511	38.85
1070514	38.45
1070515	38.20
1070516	38.45
1070517	38.20
1070518	38.15
1070521	38.55
1070522	38.45
1070523	38.25
1070524	38.80
1070525	38.85
1070528	39.20
1070529	39.00
1070530	38.50
1070531	39.10
1070601	39.05
1070604	39.05
1070605	39.30
1070606	39.90
1070607	40.60
1070608	40.00
1070611	39.95
1070612	40.20
1070613	39.80
1070614	39.25
1070615	38.55
1070619	38.15
1070620	38.10
1070621	38.00
1070622	37.95
1070625	37.45
1070626	37.00
1070627	37.00
1070628	36.95
1070629	36.90
1070702	36.80
1070703	36.50
1070704	36.50
1070705	36.20
1070706	35.80
1070709	36.10
1070710	36.80
1070711	36.80
1070712	36.75
1070713	37.55
1070716	37.70
1070717	38.15
1070718	38.50
1070719	38.55
1070720	38.80
1070723	38.55
1070724	38.75
1070725	39.10
1070726	39.75
1070727	39.75
1070730	39.95
1070731	40.20
1070801	40.00
1070802	39.70
1070803	39.80
1070806	39.95
1070807	39.95
1070808	40.10
1070809	39.85
1070810	37.20
1070813	36.60
1070814	35.90
1070815	35.70
1070816	35.35
1070817	35.25
1070820	35.20
1070821	35.85
1070822	35.90
1070823	35.55
1070824	35.35
1070827	35.70
1070828	36.00
1070829	36.50
1070830	36.40
1070831	36.95
1070903	36.50
1070904	36.55
1070905	36.05
1070906	35.80
1070907	35.70
1070910	35.35
1070911	35.35
1070912	35.60
1070913	37.35
1070914	37.35
1070917	37.65
1070918	37.70
1070919	37.80
1070920	37.20
1070921	38.10
1070925	38.20
1070926	38.00
1070927	38.40
1070928	38.40
1071001	38.15
1071002	37.80
1071003	37.35
1071004	36.80
1071005	36.50
1071008	36.00
1071009	36.10
1071011	33.05
1071012	33.65
1071015	33.65
1071016	33.95
1071017	34.15
1071018	34.35
1071019	34.50
1071022	34.70
1071023	35.65
1071024	35.65
1071025	35.30
1071026	35.40
1071029	35.15
1071030	35.75
1071031	35.50
1071101	37.00
1071102	37.25
1071105	37.80
1071106	38.00
1071107	38.55
1071108	38.80
1071109	38.00
1071112	38.45
1071113	38.15
1071114	38.60
1071115	38.70
1071116	38.40
1071119	38.70
1071120	38.25
1071121	38.40
1071122	37.80
1071123	38.00
1071126	38.35
1071127	39.35
1071128	39.70
1071129	40.00
1071130	40.90
1071203	41.30
1071204	41.65
1071205	41.00
1071206	41.00
1071207	40.55
1071210	40.95
1071211	40.50
1071212	40.50
1071213	40.75
1071214	40.45
1071217	40.20
1071218	40.00
1071219	41.00
1071220	41.20
1071221	41.00
1071222	40.40
1071224	40.40
1071225	39.75
1071226	39.90
1071227	40.65
1071228	40.60
1080102	40.65
1080103	41.50
1080104	40.65
1080107	41.45
1080108	41.60
1080109	43.30
1080110	42.95
1080111	42.95
1080114	42.50
1080115	43.05
1080116	42.70
1080117	42.95
1080118	43.00
1080121	43.00
1080122	43.35
1080123	44.10
1080124	44.15
1080125	44.50
1080128	44.50
1080129	44.85
1080130	45.25
1080211	46.65
1080212	46.60
1080213	46.70
1080214	45.65
1080215	45.60
1080218	46.15
1080219	45.25
1080220	45.95
1080221	45.50
1080222	45.85
1080225	46.40
1080226	47.20
1080227	44.55
1080304	43.10
1080305	43.10
1080306	43.55
1080307	43.50
1080308	43.40
1080311	43.60
1080312	43.60
1080313	43.75
1080314	43.40
1080315	44.10
1080318	44.30
1080319	44.15
1080320	44.45
1080321	44.40
1080322	44.85
1080325	45.30
1080326	45.35
1080327	45.20
1080328	44.05
1080329	44.85
1080401	44.60
1080402	44.80
1080403	44.90
1080408	45.35
1080409	45.15
1080410	45.25
1080411	44.25
1080412	43.95
1080415	44.50
1080416	44.35
1080417	44.30
1080418	44.30
1080419	44.40
1080422	44.70
1080423	45.00
1080424	44.65
1080425	45.10
1080426	45.20
1080429	44.45
1080430	43.55
1080502	43.40
1080503	43.70
1080506	43.25
1080507	44.30
1080508	43.30
1080509	43.40
1080510	43.05
1080513	43.00
1080514	42.80
1080515	43.50
1080516	43.05
1080517	42.95
1080520	43.65
1080521	44.20
1080522	43.80
1080523	43.95
1080524	44.10
1080527	43.90
1080528	44.35
1080529	44.60
1080530	45.10
1080531	45.10
1080603	45.50
1080604	45.25
1080605	45.45
1080606	45.45
1080610	46.00
1080611	45.50
1080612	45.70
1080613	45.15
1080614	45.10
1080617	45.05
1080618	44.90
1080619	45.70
1080620	45.70
1080621	44.80
1080624	45.00
1080625	44.95
1080626	45.00
1080627	45.30
1080628	45.50
