1070102	6.05
1070103	6.01
1070104	6.02
1070105	6.08
1070108	6.06
1070109	6.00
1070110	6.00
1070111	6.01
1070112	6.04
1070115	6.06
1070116	6.08
1070117	6.30
1070118	6.19
1070119	6.08
1070122	6.05
1070123	6.07
1070124	6.13
1070125	6.12
1070126	6.14
1070129	6.27
1070130	6.20
1070131	6.14
1070201	6.14
1070202	6.10
1070205	6.01
1070206	5.58
1070207	5.63
1070208	5.63
1070209	5.67
1070212	6.07
1070221	6.18
1070222	6.21
1070223	6.17
1070226	6.17
1070227	6.20
1070301	6.36
1070302	6.31
1070305	6.56
1070306	6.58
1070307	6.58
1070308	7.23
1070309	6.65
1070312	6.41
1070313	6.51
1070314	6.45
1070315	6.57
1070316	6.51
1070319	6.38
1070320	6.50
1070321	6.45
1070322	6.87
1070323	6.57
1070326	6.48
1070327	6.58
1070328	6.48
1070329	6.48
1070330	6.62
1070331	6.64
1070402	6.60
1070403	6.55
1070409	6.65
1070410	6.61
1070411	6.66
1070412	6.54
1070413	6.35
1070416	6.29
1070417	6.19
1070418	6.21
1070419	6.16
1070420	6.24
1070423	6.16
1070424	5.96
1070425	6.01
1070426	5.94
1070427	6.00
1070430	6.00
1070502	6.02
1070503	5.96
1070504	6.11
1070507	6.08
1070508	6.08
1070509	6.08
1070510	6.10
1070511	6.12
1070514	6.18
1070515	6.06
1070516	6.08
1070517	6.09
1070518	6.09
1070521	6.14
1070522	6.06
1070523	6.04
1070524	6.07
1070525	6.08
1070528	6.10
1070529	6.70
1070530	7.05
1070531	7.07
1070601	7.77
1070604	8.54
1070605	9.39
1070606	10.30
1070607	10.05
1070608	9.50
1070611	9.65
1070612	10.60
1070613	10.90
1070614	10.30
1070615	10.45
1070619	10.80
1070620	10.70
1070621	10.90
1070622	10.65
1070625	9.85
1070626	8.98
1070627	9.40
1070628	8.90
1070629	8.90
1070702	9.79
1070703	10.75
1070704	11.80
1070705	10.95
1070706	10.25
1070709	9.76
1070710	9.93
1070711	9.44
1070712	9.65
1070713	9.52
1070716	9.60
1070717	9.63
1070718	9.33
1070719	9.23
1070720	8.98
1070723	8.98
1070724	9.04
1070725	8.87
1070726	8.80
1070727	8.84
1070730	8.65
1070731	8.97
1070801	8.96
1070802	8.89
1070803	8.80
1070806	8.67
1070807	8.52
1070808	8.38
1070809	8.05
1070810	7.80
1070813	7.42
1070814	8.16
1070815	8.96
1070816	9.60
1070817	9.50
1070820	9.30
1070821	9.07
1070822	9.12
1070823	8.88
1070824	8.95
1070827	8.98
1070828	8.88
1070829	9.38
1070830	9.39
1070831	9.26
1070903	8.99
1070904	9.14
1070905	9.04
1070906	9.00
1070907	8.60
1070910	8.14
1070911	8.20
1070912	8.14
1070913	8.14
1070914	8.38
1070917	8.18
1070918	8.11
1070919	8.14
1070920	8.10
1070921	8.16
1070925	8.06
1070926	8.07
1070927	8.00
1070928	8.15
1071001	8.15
1071002	8.08
1071003	8.03
1071004	7.86
1071005	7.80
1071008	7.67
1071009	7.69
1071011	6.93
1071012	6.93
1071015	6.83
1071016	6.94
1071017	7.00
1071018	6.92
1071019	6.79
1071022	6.75
1071023	6.53
1071024	6.44
1071025	6.07
1071026	6.12
1071029	6.05
1071030	6.05
1071031	6.45
1071101	6.41
1071102	6.65
1071105	6.80
1071106	6.70
1071107	6.78
1071108	6.70
1071109	6.65
1071112	6.64
1071113	6.52
1071114	6.81
1071115	6.81
1071116	6.88
1071119	6.85
1071120	6.84
1071121	6.86
1071122	6.70
1071123	6.64
1071126	6.80
1071127	6.80
1071128	6.91
1071129	7.14
1071130	7.85
1071203	8.63
1071204	8.42
1071205	8.15
1071206	7.57
1071207	7.76
1071210	7.42
1071211	7.50
1071212	8.25
1071213	7.84
1071214	7.75
1071217	7.73
1071218	7.54
1071219	7.60
1071220	7.50
1071221	7.60
1071222	7.42
1071224	7.59
1071225	7.45
1071226	7.37
1071227	7.44
1071228	7.47
1080102	7.44
1080103	7.45
1080104	7.39
1080107	8.12
1080108	8.63
1080109	8.70
1080110	9.10
1080111	9.80
1080114	9.80
1080115	9.76
1080116	9.88
1080117	10.15
1080118	10.60
1080121	10.40
1080122	10.25
1080123	9.75
1080124	9.67
1080125	9.55
1080128	9.43
1080129	10.15
1080130	9.75
1080211	10.25
1080212	11.00
1080213	11.15
1080214	11.20
1080215	10.85
1080218	10.40
1080219	10.75
1080220	10.75
1080221	10.60
1080222	10.60
1080225	10.55
1080226	10.70
1080227	10.40
1080304	10.10
1080305	10.20
1080306	10.05
1080307	9.85
1080308	10.15
1080311	10.15
1080312	10.10
1080313	10.05
1080314	10.00
1080315	10.10
1080318	10.05
1080319	9.98
1080320	9.85
1080321	9.96
1080322	9.91
1080325	9.73
1080326	9.73
1080327	9.74
1080328	9.64
1080329	9.76
1080401	9.93
1080402	10.05
1080403	9.99
1080408	9.96
1080409	9.94
1080410	9.93
1080411	10.90
1080412	10.35
1080415	10.15
1080416	10.10
1080417	10.05
1080418	9.63
1080419	9.94
1080422	9.81
1080423	9.72
1080424	9.70
1080425	9.64
1080426	9.54
1080429	9.28
1080430	9.35
1080502	9.31
1080503	9.55
1080506	9.21
1080507	9.25
1080508	9.07
1080509	8.85
1080510	8.74
1080513	8.28
1080514	8.28
1080515	8.37
1080516	8.20
1080517	8.08
1080520	8.11
1080521	8.20
1080522	8.10
1080523	7.91
1080524	7.88
1080527	7.88
1080528	7.99
1080529	7.99
1080530	8.03
1080531	8.07
1080603	7.95
1080604	7.90
1080605	7.84
1080606	7.74
1080610	7.59
1080611	7.66
1080612	7.79
1080613	7.68
1080614	7.62
1080617	7.59
1080618	7.57
1080619	7.60
1080620	7.77
1080621	8.11
1080624	7.96
1080625	7.95
1080626	7.86
1080627	7.81
1080628	7.82
