1070102	354.00
1070103	389.00
1070104	398.50
1070105	404.00
1070108	400.00
1070109	394.00
1070110	379.50
1070111	386.50
1070112	375.00
1070115	354.00
1070116	360.50
1070117	355.00
1070118	362.00
1070119	389.00
1070122	415.00
1070123	395.00
1070124	397.00
1070125	395.50
1070126	373.00
1070129	382.50
1070130	373.00
1070131	387.00
1070201	386.00
1070202	400.00
1070205	385.00
1070206	354.00
1070207	357.50
1070208	348.00
1070209	331.50
1070212	312.00
1070221	326.00
1070222	327.00
1070223	325.00
1070226	325.00
1070227	330.50
1070301	346.00
1070302	365.50
1070305	377.00
1070306	383.50
1070307	393.50
1070308	400.50
1070309	405.50
1070312	410.00
1070313	419.00
1070314	405.50
1070315	417.50
1070316	425.00
1070319	441.00
1070320	467.00
1070321	488.00
1070322	507.00
1070323	484.00
1070326	475.00
1070327	503.00
1070328	495.00
1070329	520.00
1070330	522.00
1070331	522.00
1070402	503.00
1070403	511.00
1070409	532.00
1070410	545.00
1070411	544.00
1070412	552.00
1070413	560.00
1070416	616.00
1070417	604.00
1070418	664.00
1070419	650.00
1070420	622.00
1070423	684.00
1070424	639.00
1070425	584.00
1070426	593.00
1070427	--
1070430	627.00
1070502	655.00
1070503	653.00
1070504	674.00
1070507	741.00
1070508	718.00
1070509	769.00
1070510	845.00
1070511	830.00
1070514	913.00
1070515	1,000.00
1070516	926.00
1070517	844.00
1070518	886.00
1070521	974.00
1070522	--
1070523	883.00
1070524	913.00
1070525	969.00
1070528	1,065.00
1070529	1,090.00
1070530	1,035.00
1070531	951.00
1070601	982.00
1070604	1,070.00
1070605	1,025.00
1070606	1,125.00
1070607	1,230.00
1070608	1,180.00
1070611	1,210.00
1070612	1,135.00
1070613	1,130.00
1070614	1,080.00
1070615	1,135.00
1070619	1,035.00
1070620	1,010.00
1070621	987.00
1070622	942.00
1070625	949.00
1070626	1,035.00
1070627	1,020.00
1070628	1,055.00
1070629	1,125.00
1070702	1,230.00
1070703	1,165.00
1070704	1,180.00
1070705	1,115.00
1070706	1,175.00
1070709	1,020.00
1070710	1,045.00
1070711	965.00
1070712	1,005.00
1070713	998.00
1070716	962.00
1070717	904.00
1070718	860.00
1070719	892.00
1070720	812.00
1070723	843.00
1070724	893.00
1070725	925.00
1070726	915.00
1070727	933.00
1070730	840.00
1070731	781.00
1070801	795.00
1070802	716.00
1070803	730.00
1070806	724.00
1070807	788.00
1070808	742.00
1070809	720.00
1070810	651.00
1070813	597.00
1070814	637.00
1070815	610.00
1070816	663.00
1070817	630.00
1070820	662.00
1070821	673.00
1070822	650.00
1070823	628.00
1070824	643.00
1070827	695.00
1070828	675.00
1070829	705.00
1070830	696.00
1070831	698.00
1070903	629.00
1070904	630.00
1070905	611.00
1070906	595.00
1070907	545.00
1070910	532.00
1070911	546.00
1070912	528.00
1070913	508.00
1070914	534.00
1070917	533.00
1070918	501.00
1070919	479.00
1070920	490.00
1070921	514.00
1070925	506.00
1070926	490.00
1070927	466.00
1070928	459.00
1071001	470.00
1071002	458.00
1071003	451.00
1071004	446.00
1071005	403.00
1071008	404.00
1071009	423.50
1071011	388.00
1071012	415.00
1071015	410.00
1071016	419.00
1071017	418.00
1071018	421.50
1071019	394.00
1071022	390.00
1071023	366.00
1071024	349.00
1071025	315.50
1071026	324.00
1071029	320.00
1071030	298.00
1071031	315.50
1071101	347.00
1071102	345.50
1071105	340.00
1071106	308.00
1071107	331.00
1071108	324.00
1071109	329.00
1071112	310.00
1071113	311.00
1071114	306.00
1071115	312.00
1071116	310.00
1071119	317.50
1071120	321.00
1071121	340.00
1071122	332.00
1071123	319.00
1071126	327.00
1071127	340.00
1071128	357.50
1071129	359.50
1071130	370.00
1071203	407.00
1071204	401.50
1071205	388.00
1071206	349.50
1071207	356.50
1071210	323.50
1071211	332.00
1071212	338.50
1071213	314.50
1071214	320.00
1071217	321.50
1071218	320.00
1071219	320.00
1071220	314.00
1071221	328.00
1071222	322.50
1071224	331.00
1071225	328.50
1071226	314.00
1071227	321.00
1071228	319.00
1080102	314.00
1080103	303.00
1080104	289.50
1080107	296.50
1080108	294.00
1080109	303.50
1080110	304.50
1080111	306.00
1080114	307.00
1080115	314.00
1080116	317.50
1080117	313.50
1080118	318.50
1080121	320.00
1080122	316.50
1080123	316.50
1080124	315.00
1080125	328.50
1080128	328.00
1080129	321.00
1080130	321.50
1080211	328.00
1080212	352.00
1080213	382.50
1080214	375.50
1080215	360.00
1080218	371.50
1080219	368.00
1080220	373.00
1080221	381.00
1080222	375.50
1080225	375.00
1080226	372.00
1080227	346.00
1080304	349.50
1080305	340.00
1080306	339.50
1080307	336.00
1080308	336.50
1080311	339.50
1080312	332.00
1080313	338.00
1080314	339.00
1080315	345.50
1080318	341.00
1080319	333.50
1080320	334.50
1080321	334.50
1080322	331.00
1080325	318.00
1080326	323.00
1080327	324.00
1080328	322.00
1080329	323.00
1080401	321.00
1080402	320.00
1080403	330.00
1080408	324.50
1080409	330.00
1080410	329.00
1080411	329.00
1080412	326.00
1080415	330.50
1080416	332.50
1080417	345.00
1080418	331.00
1080419	333.50
1080422	327.50
1080423	321.50
1080424	319.50
1080425	321.50
1080426	319.00
1080429	300.50
1080430	304.50
1080502	303.50
1080503	300.00
1080506	293.50
1080507	293.00
1080508	294.50
1080509	286.00
1080510	280.50
1080513	259.50
1080514	258.00
1080515	259.00
1080516	249.00
1080517	249.50
1080520	251.50
1080521	258.00
1080522	253.50
1080523	244.50
1080524	242.00
1080527	245.00
1080528	245.50
1080529	255.00
1080530	251.00
1080531	261.00
1080603	262.00
1080604	263.50
1080605	256.00
1080606	245.00
1080610	251.00
1080611	251.50
1080612	249.00
1080613	247.00
1080614	251.00
1080617	261.00
1080618	258.00
1080619	264.00
1080620	270.00
1080621	267.50
1080624	271.00
1080625	263.50
1080626	266.00
1080627	267.50
1080628	264.00
