1070102	19.80
1070103	19.80
1070104	19.80
1070105	19.60
1070108	19.05
1070109	19.10
1070110	18.70
1070111	18.35
1070112	18.55
1070115	18.85
1070116	19.10
1070117	19.00
1070118	19.05
1070119	18.80
1070122	18.75
1070123	18.85
1070124	19.90
1070125	19.25
1070126	18.95
1070129	19.00
1070130	18.70
1070131	18.70
1070201	18.80
1070202	18.70
1070205	18.50
1070206	16.95
1070207	17.10
1070208	17.20
1070209	16.30
1070212	16.55
1070221	17.45
1070222	17.75
1070223	17.85
1070226	19.60
1070227	18.55
1070301	18.50
1070302	18.80
1070305	18.90
1070306	19.00
1070307	19.00
1070308	18.80
1070309	18.50
1070312	18.40
1070313	18.70
1070314	18.80
1070315	18.55
1070316	18.50
1070319	18.40
1070320	18.20
1070321	18.20
1070322	18.15
1070323	17.95
1070326	17.60
1070327	17.15
1070328	17.20
1070329	17.20
1070330	17.20
1070331	17.10
1070402	17.30
1070403	17.20
1070409	17.00
1070410	17.05
1070411	17.15
1070412	17.75
1070413	17.90
1070416	17.80
1070417	17.60
1070418	17.35
1070419	17.40
1070420	17.30
1070423	17.10
1070424	16.70
1070425	16.75
1070426	16.60
1070427	16.85
1070430	16.90
1070502	17.20
1070503	17.00
1070504	17.20
1070507	16.90
1070508	16.75
1070509	16.45
1070510	16.80
1070511	16.65
1070514	16.70
1070515	16.60
1070516	16.35
1070517	16.50
1070518	16.55
1070521	16.60
1070522	16.75
1070523	16.60
1070524	17.05
1070525	17.25
1070528	17.05
1070529	17.30
1070530	17.35
1070531	17.50
1070601	17.60
1070604	17.95
1070605	17.75
1070606	17.85
1070607	17.85
1070608	17.60
1070611	17.80
1070612	18.05
1070613	18.15
1070614	18.20
1070615	17.80
1070619	17.65
1070620	17.45
1070621	17.50
1070622	17.25
1070625	17.45
1070626	17.40
1070627	17.45
1070628	17.50
1070629	17.55
1070702	17.65
1070703	17.35
1070704	17.20
1070705	17.25
1070706	17.00
1070709	17.80
1070710	17.65
1070711	17.95
1070712	17.05
1070713	17.20
1070716	17.20
1070717	17.10
1070718	17.10
1070719	16.95
1070720	17.00
1070723	16.70
1070724	16.95
1070725	17.15
1070726	17.00
1070727	16.90
1070730	16.70
1070731	16.65
1070801	16.70
1070802	16.60
1070803	16.60
1070806	16.60
1070807	16.60
1070808	16.60
1070809	16.65
1070810	16.50
1070813	15.85
1070814	15.90
1070815	15.50
1070816	15.50
1070817	15.60
1070820	15.40
1070821	15.50
1070822	15.55
1070823	15.70
1070824	15.55
1070827	15.80
1070828	15.90
1070829	15.95
1070830	15.95
1070831	15.95
1070903	15.85
1070904	15.85
1070905	16.00
1070906	15.80
1070907	15.45
1070910	14.90
1070911	14.80
1070912	15.00
1070913	15.25
1070914	15.50
1070917	15.60
1070918	15.40
1070919	15.50
1070920	15.35
1070921	15.40
1070925	15.35
1070926	15.35
1070927	15.40
1070928	15.45
1071001	15.50
1071002	15.45
1071003	15.35
1071004	15.05
1071005	14.60
1071008	14.35
1071009	14.15
1071011	12.75
1071012	12.85
1071015	12.60
1071016	12.95
1071017	12.60
1071018	12.55
1071019	12.50
1071022	12.65
1071023	12.50
1071024	12.45
1071025	12.20
1071026	12.15
1071029	12.20
1071030	12.10
1071031	12.70
1071101	13.10
1071102	13.45
1071105	13.40
1071106	13.40
1071107	13.30
1071108	13.30
1071109	13.30
1071112	13.20
1071113	13.00
1071114	12.90
1071115	12.70
1071116	12.80
1071119	12.65
1071120	12.35
1071121	12.25
1071122	12.10
1071123	12.00
1071126	12.45
1071127	12.40
1071128	12.55
1071129	12.95
1071130	13.10
1071203	13.70
1071204	13.95
1071205	13.70
1071206	13.10
1071207	13.30
1071210	13.00
1071211	13.05
1071212	13.25
1071213	13.50
1071214	12.70
1071217	12.60
1071218	12.45
1071219	12.45
1071220	12.35
1071221	12.15
1071222	12.15
1071224	12.60
1071225	12.35
1071226	12.20
1071227	12.20
1071228	12.35
1080102	12.20
1080103	12.20
1080104	12.00
1080107	12.15
1080108	12.25
1080109	12.25
1080110	12.25
1080111	12.20
1080114	12.20
1080115	12.15
1080116	12.50
1080117	12.50
1080118	12.65
1080121	12.45
1080122	12.35
1080123	12.35
1080124	12.20
1080125	12.30
1080128	12.35
1080129	12.20
1080130	12.20
1080211	12.15
1080212	12.30
1080213	12.40
1080214	12.50
1080215	12.35
1080218	12.35
1080219	12.40
1080220	12.45
1080221	12.60
1080222	12.65
1080225	13.05
1080226	12.85
1080227	12.90
1080304	12.65
1080305	12.65
1080306	12.70
1080307	12.70
1080308	12.75
1080311	13.85
1080312	13.60
1080313	13.15
1080314	12.85
1080315	13.05
1080318	13.10
1080319	13.10
1080320	13.10
1080321	12.85
1080322	12.90
1080325	12.65
1080326	12.65
1080327	12.20
1080328	12.10
1080329	12.15
1080401	12.05
1080402	11.95
1080403	12.25
1080408	12.35
1080409	12.45
1080410	12.30
1080411	12.30
1080412	12.35
1080415	12.25
1080416	12.20
1080417	12.05
1080418	12.00
1080419	11.95
1080422	12.35
1080423	12.15
1080424	12.15
1080425	12.15
1080426	12.10
1080429	11.90
1080430	11.95
1080502	11.90
1080503	11.95
1080506	11.80
1080507	11.80
1080508	11.90
1080509	11.70
1080510	11.40
1080513	12.30
1080514	12.30
1080515	13.00
1080516	12.70
1080517	12.50
1080520	12.20
1080521	12.05
1080522	12.20
1080523	12.00
1080524	12.20
1080527	12.10
1080528	12.15
1080529	12.05
1080530	12.10
1080531	12.20
1080603	12.05
1080604	12.05
1080605	12.15
1080606	12.05
1080610	12.05
1080611	11.90
1080612	11.80
1080613	11.65
1080614	11.60
1080617	11.65
1080618	11.55
1080619	11.55
1080620	11.80
1080621	11.75
1080624	11.55
1080625	11.60
1080626	11.60
1080627	11.60
1080628	11.60
