1070102	15.30
1070103	15.35
1070104	15.35
1070105	15.45
1070108	15.40
1070109	15.20
1070110	15.05
1070111	14.85
1070112	15.35
1070115	15.55
1070116	15.60
1070117	15.60
1070118	15.70
1070119	15.75
1070122	15.70
1070123	15.30
1070124	15.25
1070125	15.30
1070126	15.25
1070129	15.20
1070130	15.35
1070131	15.30
1070201	15.15
1070202	14.95
1070205	14.45
1070206	13.10
1070207	13.15
1070208	13.10
1070209	12.70
1070212	12.70
1070221	13.10
1070222	13.45
1070223	13.50
1070226	13.65
1070227	13.65
1070301	13.65
1070302	13.65
1070305	13.50
1070306	13.60
1070307	13.50
1070308	13.70
1070309	13.80
1070312	13.70
1070313	14.00
1070314	14.10
1070315	14.05
1070316	13.85
1070319	14.00
1070320	13.85
1070321	13.90
1070322	14.15
1070323	13.75
1070326	13.45
1070327	13.45
1070328	13.30
1070329	13.25
1070330	13.20
1070331	13.25
1070402	13.30
1070403	13.15
1070409	13.05
1070410	13.25
1070411	13.30
1070412	13.40
1070413	13.20
1070416	13.05
1070417	12.85
1070418	12.85
1070419	13.00
1070420	12.90
1070423	13.10
1070424	12.60
1070425	12.50
1070426	12.45
1070427	12.45
1070430	12.50
1070502	12.60
1070503	12.45
1070504	12.40
1070507	12.50
1070508	12.60
1070509	12.50
1070510	12.55
1070511	12.45
1070514	11.80
1070515	11.85
1070516	11.60
1070517	11.50
1070518	11.55
1070521	11.70
1070522	11.60
1070523	11.55
1070524	11.55
1070525	11.60
1070528	11.80
1070529	12.20
1070530	12.75
1070531	12.35
1070601	12.70
1070604	12.60
1070605	12.50
1070606	12.70
1070607	12.80
1070608	12.75
1070611	12.80
1070612	12.85
1070613	12.70
1070614	12.55
1070615	13.20
1070619	13.00
1070620	12.95
1070621	13.20
1070622	13.00
1070625	12.75
1070626	12.35
1070627	12.55
1070628	12.30
1070629	12.35
1070702	12.35
1070703	12.10
1070704	11.65
1070705	11.35
1070706	11.10
1070709	11.10
1070710	10.90
1070711	10.80
1070712	11.00
1070713	11.15
1070716	11.15
1070717	11.30
1070718	11.45
1070719	11.25
1070720	11.45
1070723	11.30
1070724	11.35
1070725	11.40
1070726	11.45
1070727	11.65
1070730	11.45
1070731	11.40
1070801	11.55
1070802	11.50
1070803	11.50
1070806	11.50
1070807	11.60
1070808	11.70
1070809	11.65
1070810	11.40
1070813	11.00
1070814	11.05
1070815	10.75
1070816	10.80
1070817	10.70
1070820	10.50
1070821	10.55
1070822	10.65
1070823	10.65
1070824	10.65
1070827	10.70
1070828	10.75
1070829	10.75
1070830	10.75
1070831	10.75
1070903	10.60
1070904	10.70
1070905	10.70
1070906	10.70
1070907	10.30
1070910	9.90
1070911	10.05
1070912	9.95
1070913	10.25
1070914	10.45
1070917	10.40
1070918	10.25
1070919	10.25
1070920	10.05
1070921	10.15
1070925	10.15
1070926	10.10
1070927	10.15
1070928	10.10
1071001	10.10
1071002	10.10
1071003	10.10
1071004	10.00
1071005	9.75
1071008	9.89
1071009	9.70
1071011	8.73
1071012	8.68
1071015	8.79
1071016	8.92
1071017	8.96
1071018	9.03
1071019	9.00
1071022	9.05
1071023	8.94
1071024	8.76
1071025	8.37
1071026	8.20
1071029	8.14
1071030	8.11
1071031	8.37
1071101	8.59
1071102	8.81
1071105	8.72
1071106	8.66
1071107	8.78
1071108	8.83
1071109	8.71
1071112	8.63
1071113	8.45
1071114	8.50
1071115	8.53
1071116	8.69
1071119	8.78
1071120	8.74
1071121	8.71
1071122	8.79
1071123	8.80
1071126	8.80
1071127	8.84
1071128	8.96
1071129	9.85
1071130	9.68
1071203	9.73
1071204	9.76
1071205	9.60
1071206	9.23
1071207	9.40
1071210	9.22
1071211	9.23
1071212	9.46
1071213	9.38
1071214	9.38
1071217	9.33
1071218	9.23
1071219	9.16
1071220	8.95
1071221	9.00
1071222	9.04
1071224	9.08
1071225	9.00
1071226	9.00
1071227	9.03
1071228	9.01
1080102	9.00
1080103	8.92
1080104	8.91
1080107	9.01
1080108	9.08
1080109	9.22
1080110	9.24
1080111	9.14
1080114	8.95
1080115	8.98
1080116	9.05
1080117	8.99
1080118	9.04
1080121	9.10
1080122	9.13
1080123	9.18
1080124	9.23
1080125	9.23
1080128	9.30
1080129	9.20
1080130	9.14
1080211	9.15
1080212	9.30
1080213	9.48
1080214	9.87
1080215	10.45
1080218	10.20
1080219	10.20
1080220	10.30
1080221	10.15
1080222	10.30
1080225	10.20
1080226	10.10
1080227	10.10
1080304	10.10
1080305	10.05
1080306	10.30
1080307	10.10
1080308	10.05
1080311	10.00
1080312	10.05
1080313	10.10
1080314	10.10
1080315	9.85
1080318	9.94
1080319	10.05
1080320	10.10
1080321	10.00
1080322	10.05
1080325	9.89
1080326	9.91
1080327	9.90
1080328	9.70
1080329	9.59
1080401	9.51
1080402	9.60
1080403	9.63
1080408	9.78
1080409	9.87
1080410	9.85
1080411	9.79
1080412	9.61
1080415	9.67
1080416	9.60
1080417	9.70
1080418	9.55
1080419	9.85
1080422	10.25
1080423	10.10
1080424	9.94
1080425	9.97
1080426	9.77
1080429	9.65
1080430	9.59
1080502	9.64
1080503	9.65
1080506	9.44
1080507	9.45
1080508	9.55
1080509	9.26
1080510	9.10
1080513	8.85
1080514	8.94
1080515	9.00
1080516	8.79
1080517	8.66
1080520	8.25
1080521	8.37
1080522	8.40
1080523	8.28
1080524	8.29
1080527	8.42
1080528	8.46
1080529	8.44
1080530	8.43
1080531	8.50
1080603	8.41
1080604	8.33
1080605	8.39
1080606	8.38
1080610	8.35
1080611	8.43
1080612	8.42
1080613	8.33
1080614	8.40
1080617	8.33
1080618	8.28
1080619	8.40
1080620	8.53
1080621	8.47
1080624	8.41
1080625	8.32
1080626	8.36
1080627	8.37
1080628	8.36
