1070102	49.30
1070103	49.75
1070104	49.45
1070105	49.70
1070108	48.70
1070109	48.00
1070110	48.10
1070111	47.05
1070112	47.80
1070115	47.80
1070116	47.60
1070117	47.40
1070118	47.60
1070119	47.40
1070122	46.75
1070123	46.75
1070124	46.30
1070125	46.00
1070126	45.50
1070129	45.90
1070130	46.75
1070131	45.95
1070201	46.15
1070202	46.95
1070205	45.60
1070206	41.75
1070207	41.70
1070208	41.90
1070209	41.10
1070212	41.15
1070221	41.55
1070222	41.60
1070223	42.15
1070226	42.30
1070227	42.20
1070301	42.60
1070302	42.00
1070305	41.50
1070306	42.60
1070307	42.85
1070308	42.90
1070309	42.70
1070312	42.65
1070313	43.00
1070314	43.15
1070315	43.10
1070316	42.55
1070319	42.40
1070320	42.05
1070321	42.05
1070322	41.70
1070323	40.50
1070326	40.35
1070327	41.00
1070328	41.05
1070329	40.80
1070330	41.00
1070331	40.75
1070402	40.75
1070403	40.10
1070409	40.05
1070410	41.00
1070411	40.40
1070412	40.40
1070413	40.50
1070416	40.25
1070417	40.30
1070418	40.75
1070419	41.10
1070420	40.80
1070423	40.25
1070424	40.05
1070425	39.50
1070426	39.45
1070427	38.80
1070430	38.75
1070502	39.20
1070503	39.00
1070504	38.75
1070507	39.10
1070508	39.30
1070509	41.00
1070510	40.40
1070511	41.00
1070514	40.45
1070515	39.50
1070516	35.55
1070517	35.75
1070518	35.05
1070521	35.15
1070522	35.55
1070523	35.15
1070524	35.20
1070525	35.25
1070528	35.35
1070529	35.40
1070530	35.05
1070531	35.45
1070601	35.45
1070604	35.70
1070605	35.65
1070606	35.65
1070607	36.30
1070608	36.05
1070611	36.35
1070612	35.80
1070613	35.95
1070614	35.90
1070615	36.80
1070619	35.55
1070620	35.15
1070621	35.05
1070622	34.45
1070625	34.00
1070626	33.00
1070627	32.70
1070628	32.10
1070629	32.50
1070702	32.55
1070703	32.15
1070704	32.25
1070705	31.80
1070706	30.65
1070709	31.80
1070710	31.70
1070711	31.15
1070712	31.45
1070713	31.70
1070716	31.90
1070717	31.90
1070718	32.00
1070719	32.55
1070720	32.45
1070723	32.10
1070724	32.45
1070725	32.50
1070726	32.65
1070727	33.00
1070730	33.05
1070731	33.10
1070801	33.05
1070802	30.80
1070803	30.80
1070806	30.80
1070807	30.85
1070808	30.85
1070809	30.70
1070810	30.20
1070813	29.80
1070814	29.45
1070815	28.30
1070816	27.65
1070817	28.00
1070820	27.60
1070821	27.60
1070822	28.00
1070823	27.90
1070824	27.60
1070827	27.75
1070828	28.10
1070829	28.60
1070830	28.40
1070831	28.05
1070903	27.90
1070904	28.00
1070905	27.75
1070906	27.50
1070907	27.20
1070910	27.05
1070911	26.95
1070912	26.95
1070913	26.60
1070914	27.40
1070917	28.20
1070918	27.20
1070919	26.85
1070920	26.50
1070921	25.85
1070925	25.90
1070926	26.10
1070927	25.95
1070928	25.90
1071001	26.20
1071002	26.30
1071003	26.05
1071004	25.85
1071005	24.30
1071008	24.20
1071009	24.25
1071011	21.85
1071012	21.75
1071015	22.05
1071016	21.90
1071017	21.95
1071018	21.80
1071019	21.10
1071022	21.35
1071023	20.80
1071024	20.85
1071025	20.30
1071026	20.15
1071029	20.35
1071030	20.70
1071031	21.30
1071101	21.75
1071102	21.75
1071105	21.75
1071106	21.25
1071107	21.55
1071108	21.75
1071109	21.55
1071112	21.80
1071113	21.60
1071114	21.35
1071115	23.45
1071116	24.00
1071119	24.10
1071120	24.15
1071121	24.10
1071122	24.35
1071123	24.15
1071126	24.10
1071127	24.00
1071128	24.55
1071129	24.30
1071130	24.30
1071203	25.25
1071204	25.65
1071205	25.40
1071206	24.30
1071207	24.90
1071210	24.15
1071211	24.20
1071212	24.65
1071213	25.20
1071214	24.60
1071217	24.35
1071218	23.85
1071219	23.70
1071220	22.95
1071221	23.50
1071222	23.70
1071224	24.05
1071225	23.85
1071226	23.60
1071227	23.80
1071228	23.70
1080102	23.30
1080103	23.10
1080104	22.50
1080107	23.15
1080108	22.95
1080109	23.40
1080110	23.65
1080111	23.70
1080114	23.30
1080115	23.50
1080116	23.50
1080117	24.05
1080118	23.90
1080121	23.90
1080122	23.80
1080123	23.70
1080124	23.70
1080125	24.05
1080128	24.40
1080129	24.10
1080130	23.95
1080211	24.05
1080212	24.65
1080213	25.05
1080214	25.20
1080215	26.90
1080218	28.00
1080219	28.00
1080220	28.10
1080221	27.95
1080222	27.30
1080225	27.95
1080226	28.35
1080227	28.80
1080304	30.40
1080305	31.95
1080306	34.70
1080307	35.10
1080308	35.10
1080311	38.60
1080312	37.55
1080313	40.30
1080314	40.65
1080315	38.50
1080318	38.65
1080319	38.00
1080320	38.15
1080321	38.65
1080322	38.25
1080325	38.00
1080326	39.00
1080327	40.75
1080328	39.05
1080329	39.20
1080401	39.00
1080402	39.50
1080403	43.45
1080408	43.05
1080409	42.90
1080410	41.10
1080411	40.05
1080412	38.95
1080415	40.20
1080416	39.50
1080417	39.20
1080418	38.25
1080419	37.70
1080422	38.65
1080423	37.95
1080424	37.85
1080425	37.95
1080426	38.95
1080429	37.50
1080430	37.50
1080502	38.80
1080503	39.00
1080506	37.90
1080507	37.35
1080508	35.35
1080509	35.45
1080510	33.70
1080513	32.80
1080514	33.00
1080515	33.95
1080516	32.85
1080517	31.55
1080520	32.10
1080521	32.65
1080522	32.20
1080523	30.90
1080524	31.60
1080527	31.50
1080528	30.50
1080529	30.75
1080530	31.40
1080531	32.05
1080603	31.50
1080604	31.00
1080605	31.10
1080606	30.65
1080610	31.00
1080611	31.15
1080612	32.95
1080613	31.50
1080614	31.55
1080617	31.00
1080618	31.00
1080619	31.65
1080620	32.35
1080621	31.70
1080624	32.00
1080625	31.45
1080626	31.45
1080627	31.70
1080628	31.65
