1070102	13.15
1070103	13.30
1070104	14.00
1070105	13.95
1070108	13.65
1070109	14.00
1070110	14.05
1070111	15.45
1070112	15.00
1070115	14.45
1070116	14.40
1070117	14.55
1070118	14.90
1070119	15.80
1070122	17.35
1070123	17.20
1070124	17.65
1070125	17.65
1070126	17.60
1070129	18.50
1070130	17.40
1070131	18.00
1070201	17.75
1070202	17.30
1070205	17.05
1070206	15.35
1070207	15.30
1070208	14.95
1070209	14.30
1070212	14.65
1070221	16.10
1070222	16.90
1070223	18.55
1070226	20.40
1070227	19.85
1070301	19.40
1070302	21.30
1070305	23.40
1070306	25.70
1070307	28.25
1070308	25.45
1070309	22.95
1070312	22.05
1070313	23.10
1070314	22.50
1070315	21.60
1070316	21.35
1070319	23.45
1070320	25.75
1070321	25.45
1070322	23.20
1070323	24.30
1070326	23.20
1070327	23.30
1070328	23.60
1070329	23.45
1070330	22.20
1070331	23.90
1070402	24.20
1070403	24.80
1070409	24.20
1070410	23.00
1070411	22.95
1070412	23.10
1070413	23.15
1070416	22.10
1070417	21.00
1070418	22.15
1070419	22.80
1070420	21.90
1070423	21.75
1070424	19.70
1070425	20.20
1070426	18.65
1070427	20.50
1070430	20.25
1070502	19.50
1070503	19.50
1070504	20.20
1070507	19.70
1070508	19.70
1070509	20.20
1070510	20.10
1070511	19.00
1070514	18.30
1070515	18.55
1070516	18.90
1070517	18.65
1070518	18.50
1070521	19.00
1070522	19.05
1070523	18.25
1070524	18.20
1070525	18.05
1070528	17.70
1070529	17.20
1070530	18.00
1070531	17.70
1070601	17.70
1070604	17.75
1070605	18.20
1070606	18.05
1070607	18.05
1070608	18.00
1070611	17.35
1070612	16.85
1070613	16.95
1070614	16.80
1070615	16.95
1070619	16.50
1070620	16.00
1070621	15.80
1070622	14.85
1070625	14.40
1070626	15.50
1070627	15.15
1070628	14.75
1070629	14.65
1070702	14.45
1070703	13.85
1070704	15.20
1070705	15.75
1070706	15.25
1070709	14.80
1070710	14.65
1070711	14.50
1070712	14.55
1070713	14.75
1070716	14.75
1070717	15.60
1070718	15.95
1070719	15.60
1070720	15.20
1070723	15.00
1070724	15.75
1070725	17.05
1070726	16.65
1070727	17.10
1070730	16.70
1070731	16.50
1070801	16.20
1070802	15.80
1070803	15.80
1070806	15.65
1070807	15.45
1070808	15.85
1070809	15.65
1070810	15.65
1070813	14.35
1070814	14.10
1070815	13.80
1070816	14.50
1070817	14.15
1070820	14.10
1070821	13.30
1070822	13.35
1070823	13.20
1070824	12.90
1070827	13.10
1070828	13.10
1070829	14.40
1070830	13.85
1070831	14.00
1070903	14.30
1070904	14.15
1070905	14.20
1070906	13.95
1070907	13.15
1070910	12.35
1070911	12.65
1070912	12.35
1070913	12.45
1070914	12.80
1070917	12.70
1070918	12.35
1070919	12.40
1070920	12.30
1070921	12.50
1070925	12.45
1070926	12.65
1070927	12.55
1070928	12.75
1071001	12.80
1071002	12.65
1071003	12.30
1071004	12.20
1071005	11.40
1071008	11.20
1071009	11.10
1071011	9.99
1071012	9.91
1071015	9.99
1071016	10.35
1071017	10.40
1071018	10.15
1071019	9.97
1071022	10.20
1071023	9.99
1071024	10.00
1071025	9.24
1071026	9.20
1071029	9.25
1071030	9.25
1071031	9.56
1071101	10.35
1071102	10.25
1071105	10.05
1071106	9.94
1071107	10.20
1071108	10.15
1071109	10.05
1071112	10.10
1071113	9.89
1071114	9.94
1071115	9.83
1071116	9.30
1071119	9.38
1071120	9.37
1071121	9.53
1071122	9.60
1071123	9.32
1071126	9.35
1071127	9.41
1071128	9.70
1071129	9.71
1071130	9.92
1071203	10.10
1071204	10.10
1071205	9.98
1071206	9.50
1071207	9.62
1071210	9.46
1071211	9.52
1071212	9.72
1071213	9.90
1071214	9.72
1071217	9.65
1071218	9.83
1071219	9.83
1071220	9.51
1071221	10.45
1071222	10.35
1071224	10.60
1071225	10.30
1071226	9.75
1071227	9.77
1071228	9.71
1080102	9.66
1080103	9.51
1080104	9.24
1080107	9.32
1080108	9.31
1080109	9.50
1080110	9.41
1080111	9.33
1080114	9.22
1080115	9.25
1080116	9.40
1080117	9.41
1080118	9.56
1080121	9.54
1080122	9.48
1080123	9.50
1080124	9.64
1080125	9.58
1080128	9.58
1080129	9.48
1080130	9.40
1080211	9.48
1080212	9.73
1080213	10.00
1080214	9.93
1080215	9.90
1080218	10.35
1080219	10.20
1080220	10.20
1080221	10.30
1080222	10.25
1080225	10.65
1080226	10.30
1080227	10.40
1080304	10.35
1080305	10.35
1080306	10.25
1080307	10.05
1080308	10.00
1080311	10.10
1080312	10.30
1080313	10.30
1080314	10.45
1080315	10.40
1080318	10.55
1080319	10.60
1080320	10.50
1080321	10.40
1080322	10.45
1080325	10.30
1080326	10.50
1080327	10.55
1080328	10.80
1080329	10.90
1080401	10.90
1080402	10.75
1080403	11.40
1080408	11.50
1080409	11.30
1080410	10.55
1080411	10.50
1080412	10.50
1080415	10.55
1080416	10.45
1080417	10.40
1080418	10.10
1080419	10.15
1080422	10.15
1080423	10.10
1080424	10.05
1080425	9.98
1080426	9.84
1080429	9.60
1080430	9.64
1080502	9.74
1080503	9.97
1080506	9.85
1080507	9.90
1080508	9.83
1080509	9.68
1080510	9.65
1080513	9.70
1080514	10.05
1080515	9.91
1080516	9.85
1080517	9.75
1080520	9.82
1080521	9.98
1080522	9.92
1080523	9.97
1080524	10.10
1080527	10.40
1080528	11.40
1080529	11.15
1080530	10.95
1080531	11.05
1080603	10.95
1080604	10.35
1080605	10.45
1080606	10.15
1080610	10.10
1080611	10.10
1080612	9.98
1080613	10.05
1080614	10.10
1080617	10.45
1080618	10.70
1080619	10.70
1080620	10.90
1080621	10.70
1080624	11.75
1080625	11.50
1080626	12.65
1080627	13.00
1080628	13.00
