1070102	16.50
1070103	16.60
1070104	16.80
1070105	16.70
1070108	16.55
1070109	16.30
1070110	15.95
1070111	16.00
1070112	16.25
1070115	16.10
1070116	16.25
1070117	16.55
1070118	16.40
1070119	16.30
1070122	16.30
1070123	16.20
1070124	16.15
1070125	15.90
1070126	15.95
1070129	15.90
1070130	15.95
1070131	15.85
1070201	15.80
1070202	15.90
1070205	15.60
1070206	14.10
1070207	14.30
1070208	14.00
1070209	14.50
1070212	14.20
1070221	14.85
1070222	15.10
1070223	15.15
1070226	15.10
1070227	15.20
1070301	15.10
1070302	15.20
1070305	15.05
1070306	15.05
1070307	15.30
1070308	15.50
1070309	15.40
1070312	15.05
1070313	15.40
1070314	15.80
1070315	15.70
1070316	15.45
1070319	15.90
1070320	15.80
1070321	15.90
1070322	15.65
1070323	15.30
1070326	15.10
1070327	15.25
1070328	15.00
1070329	15.00
1070330	14.30
1070331	14.00
1070402	14.00
1070403	13.80
1070409	13.65
1070410	13.55
1070411	13.90
1070412	14.10
1070413	13.95
1070416	13.80
1070417	13.50
1070418	13.30
1070419	13.55
1070420	13.60
1070423	13.45
1070424	12.60
1070425	12.60
1070426	12.15
1070427	12.00
1070430	12.55
1070502	12.85
1070503	13.05
1070504	13.15
1070507	13.00
1070508	12.90
1070509	12.70
1070510	13.05
1070511	13.85
1070514	13.85
1070515	12.60
1070516	12.60
1070517	12.50
1070518	12.50
1070521	12.50
1070522	12.30
1070523	12.05
1070524	12.25
1070525	12.20
1070528	12.05
1070529	12.40
1070530	12.40
1070531	12.20
1070601	12.35
1070604	12.30
1070605	12.05
1070606	12.50
1070607	12.35
1070608	12.25
1070611	12.10
1070612	12.10
1070613	12.25
1070614	12.15
1070615	12.35
1070619	12.10
1070620	12.30
1070621	12.20
1070622	12.05
1070625	12.00
1070626	11.30
1070627	10.20
1070628	10.60
1070629	10.60
1070702	10.00
1070703	9.50
1070704	9.57
1070705	9.58
1070706	9.50
1070709	9.60
1070710	9.50
1070711	9.40
1070712	9.24
1070713	9.31
1070716	9.56
1070717	9.44
1070718	10.00
1070719	9.66
1070720	9.43
1070723	9.25
1070724	9.34
1070725	9.26
1070726	9.57
1070727	9.52
1070730	9.45
1070731	9.49
1070801	9.49
1070802	9.31
1070803	9.33
1070806	9.29
1070807	9.30
1070808	9.27
1070809	9.12
1070810	8.90
1070813	8.03
1070814	8.23
1070815	8.04
1070816	7.84
1070817	7.75
1070820	7.29
1070821	7.12
1070822	7.83
1070823	8.61
1070824	8.62
1070827	8.75
1070828	8.61
1070829	8.51
1070830	9.00
1070831	9.90
1070903	10.60
1070904	10.95
1070905	10.40
1070906	10.55
1070907	10.15
1070910	9.36
1070911	10.25
1070912	10.10
1070913	10.50
1070914	10.45
1070917	10.15
1070918	10.05
1070919	10.90
1070920	10.35
1070921	10.35
1070925	10.25
1070926	10.20
1070927	10.05
1070928	10.30
1071001	10.15
1071002	9.87
1071003	9.57
1071004	9.60
1071005	9.02
1071008	8.94
1071009	8.58
1071011	7.73
1071012	7.88
1071015	7.97
1071016	7.94
1071017	7.83
1071018	7.62
1071019	7.32
1071022	7.69
1071023	7.53
1071024	7.46
1071025	7.05
1071026	6.89
1071029	6.81
1071030	6.82
1071031	7.04
1071101	7.20
1071102	7.57
1071105	8.11
1071106	7.70
1071107	7.82
1071108	7.74
1071109	7.71
1071112	7.80
1071113	7.78
1071114	8.04
1071115	7.87
1071116	7.84
1071119	7.91
1071120	7.74
1071121	7.80
1071122	7.61
1071123	7.91
1071126	7.90
1071127	7.90
1071128	8.11
1071129	8.05
1071130	8.14
1071203	8.20
1071204	8.45
1071205	8.22
1071206	7.77
1071207	7.92
1071210	7.77
1071211	7.77
1071212	7.82
1071213	7.77
1071214	7.70
1071217	7.50
1071218	7.21
1071219	7.40
1071220	7.12
1071221	7.21
1071222	7.19
1071224	7.18
1071225	7.10
1071226	7.10
1071227	7.53
1071228	7.41
1080102	7.32
1080103	7.26
1080104	7.19
1080107	7.28
1080108	7.25
1080109	7.33
1080110	7.35
1080111	7.31
1080114	7.48
1080115	7.50
1080116	8.00
1080117	7.84
1080118	7.94
1080121	7.89
1080122	7.81
1080123	7.93
1080124	7.93
1080125	7.93
1080128	7.93
1080129	7.88
1080130	7.82
1080211	7.77
1080212	7.88
1080213	7.90
1080214	8.20
1080215	8.07
1080218	8.09
1080219	8.11
1080220	8.18
1080221	8.08
1080222	8.05
1080225	8.13
1080226	8.14
1080227	8.08
1080304	8.04
1080305	8.08
1080306	8.19
1080307	8.10
1080308	7.89
1080311	7.85
1080312	7.93
1080313	7.92
1080314	7.90
1080315	7.82
1080318	7.65
1080319	7.65
1080320	7.84
1080321	7.42
1080322	7.39
1080325	7.20
1080326	7.20
1080327	7.10
1080328	6.99
1080329	6.30
1080401	5.85
1080402	6.03
1080403	6.00
1080408	6.03
1080409	6.26
1080410	6.38
1080411	6.30
1080412	6.30
1080415	6.54
1080416	6.41
1080417	6.61
1080418	6.35
1080419	6.43
1080422	6.38
1080423	6.20
1080424	6.18
1080425	6.18
1080426	6.11
1080429	5.98
1080430	6.00
1080502	6.11
1080503	6.24
1080506	6.08
1080507	6.68
1080508	6.68
1080509	6.41
1080510	6.34
1080513	6.32
1080514	6.95
1080515	7.64
1080516	8.40
1080517	9.05
1080520	8.82
1080521	9.30
1080522	8.76
1080523	8.90
1080524	8.55
1080527	8.32
1080528	8.34
1080529	8.43
1080530	8.38
1080531	8.33
1080603	8.31
1080604	8.10
1080605	8.91
1080606	9.02
1080610	9.12
1080611	8.86
1080612	8.72
1080613	8.90
1080614	8.83
1080617	8.90
1080618	8.70
1080619	8.82
1080620	8.80
1080621	8.55
1080624	8.57
1080625	8.33
1080626	8.34
1080627	8.31
1080628	8.22
