1070102	101.00
1070103	--
1070104	111.00
1070105	108.50
1070108	105.00
1070109	101.50
1070110	101.00
1070111	101.50
1070112	99.60
1070115	97.50
1070116	98.40
1070117	97.80
1070118	98.30
1070119	99.20
1070122	102.50
1070123	99.90
1070124	99.30
1070125	98.00
1070126	95.60
1070129	97.00
1070130	97.10
1070131	97.20
1070201	96.50
1070202	96.20
1070205	94.60
1070206	87.90
1070207	87.90
1070208	88.50
1070209	87.40
1070212	86.60
1070221	88.30
1070222	94.30
1070223	94.80
1070226	96.10
1070227	96.20
1070301	97.50
1070302	97.50
1070305	95.70
1070306	96.60
1070307	94.30
1070308	93.80
1070309	96.50
1070312	94.70
1070313	94.30
1070314	93.90
1070315	98.00
1070316	96.00
1070319	95.70
1070320	97.40
1070321	98.80
1070322	100.50
1070323	104.00
1070326	105.00
1070327	105.50
1070328	103.00
1070329	104.00
1070330	106.50
1070331	112.50
1070402	106.00
1070403	102.50
1070409	101.50
1070410	103.00
1070411	101.50
1070412	101.00
1070413	101.00
1070416	108.00
1070417	104.00
1070418	114.00
1070419	121.00
1070420	115.50
1070423	116.50
1070424	105.00
1070425	96.50
1070426	90.70
1070427	97.40
1070430	92.70
1070502	93.70
1070503	90.60
1070504	94.30
1070507	101.00
1070508	100.00
1070509	99.90
1070510	109.50
1070511	104.00
1070514	113.50
1070515	110.00
1070516	114.50
1070517	110.50
1070518	110.50
1070521	119.50
1070522	127.50
1070523	123.00
1070524	135.00
1070525	148.50
1070528	163.00
1070529	163.50
1070530	159.50
1070531	160.00
1070601	163.00
1070604	169.50
1070605	165.50
1070606	173.50
1070607	175.00
1070608	175.50
1070611	193.00
1070612	200.00
1070613	181.50
1070614	183.00
1070615	180.50
1070619	173.00
1070620	--
1070621	173.00
1070622	161.00
1070625	171.00
1070626	179.50
1070627	175.50
1070628	172.50
1070629	178.50
1070702	192.00
1070703	181.00
1070704	180.50
1070705	177.50
1070706	167.50
1070709	163.00
1070710	171.00
1070711	168.50
1070712	181.50
1070713	183.00
1070716	178.00
1070717	173.00
1070718	164.00
1070719	155.50
1070720	140.50
1070723	143.00
1070724	144.50
1070725	142.50
1070726	149.00
1070727	148.50
1070730	134.00
1070731	127.00
1070801	129.50
1070802	119.00
1070803	123.00
1070806	120.00
1070807	126.00
1070808	118.50
1070809	120.00
1070810	114.00
1070813	103.00
1070814	105.00
1070815	102.50
1070816	106.50
1070817	106.00
1070820	110.50
1070821	108.50
1070822	106.50
1070823	101.00
1070824	103.00
1070827	113.00
1070828	109.00
1070829	111.50
1070830	110.50
1070831	111.00
1070903	101.00
1070904	106.00
1070905	103.00
1070906	100.50
1070907	92.50
1070910	90.50
1070911	91.50
1070912	88.10
1070913	89.00
1070914	93.70
1070917	95.50
1070918	90.70
1070919	90.60
1070920	92.50
1070921	97.80
1070925	101.00
1070926	98.70
1070927	96.00
1070928	93.60
1071001	93.10
1071002	90.10
1071003	87.40
1071012	107.00
1071015	99.20
1071016	97.80
1071017	94.30
1071018	90.50
1071019	82.40
1071022	87.50
1071023	83.60
1071024	83.20
1071025	77.00
1071026	77.50
1071029	78.60
1071030	71.10
1071031	74.50
1071101	80.80
1071102	82.40
1071105	84.90
1071106	78.50
1071107	81.50
1071108	82.00
1071109	81.50
1071112	77.60
1071113	78.00
1071114	76.20
1071115	77.70
1071116	77.70
1071119	80.50
1071120	79.80
1071121	81.50
1071122	79.30
1071123	79.20
1071126	81.40
1071127	82.90
1071128	86.10
1071129	84.20
1071130	85.30
1071203	93.80
1071204	97.90
1071205	97.20
1071206	87.50
1071207	88.90
1071210	81.70
1071211	82.70
1071212	85.10
1071213	83.10
1071214	84.70
1071217	85.60
1071218	85.90
1071219	84.40
1071220	83.50
1071221	84.00
1071222	83.70
1071224	84.30
1071225	82.00
1071226	79.00
1071227	79.50
1071228	78.50
1080102	78.60
1080103	77.10
1080104	74.80
1080107	76.60
1080108	78.00
1080109	80.00
1080110	79.50
1080111	79.10
1080114	78.10
1080115	79.90
1080116	80.60
1080117	80.30
1080118	82.40
1080121	82.30
1080122	81.00
1080123	81.00
1080124	80.80
1080125	82.60
1080128	82.50
1080129	82.30
1080130	82.20
1080211	81.80
1080212	85.00
1080213	92.70
1080214	91.00
1080215	89.60
1080218	91.00
1080219	92.00
1080220	92.00
1080221	92.80
1080222	92.10
1080225	92.40
1080226	92.90
1080227	88.40
1080304	89.80
1080305	88.00
1080306	88.00
1080307	85.60
1080308	86.60
1080311	86.40
1080312	86.00
1080313	86.30
1080314	87.10
1080315	89.20
1080318	89.60
1080319	89.10
1080320	89.50
1080321	89.50
1080322	90.40
1080325	88.90
1080326	89.00
1080327	90.50
1080328	89.70
1080329	89.80
1080401	89.30
1080402	90.00
1080403	92.10
1080408	92.20
1080409	101.00
1080410	102.50
1080411	100.50
1080412	101.00
1080415	103.00
1080416	103.00
1080417	106.50
1080418	103.00
1080419	108.00
1080422	109.50
1080423	107.50
1080424	103.50
1080425	102.50
1080426	102.50
1080429	96.60
1080430	98.20
1080502	98.80
1080503	99.80
1080506	97.20
1080507	98.30
1080508	95.70
1080509	92.00
1080510	90.80
1080513	87.30
1080514	87.70
1080515	91.40
1080516	89.70
1080517	87.70
1080520	86.70
1080521	88.20
1080522	87.80
1080523	82.90
1080524	82.40
1080527	81.80
1080528	83.70
1080529	83.70
1080530	82.20
1080531	83.00
1080603	82.00
1080604	82.00
1080605	81.10
1080606	79.70
1080610	82.40
1080611	82.90
1080612	83.20
1080613	82.70
1080614	82.90
1080617	85.10
1080618	84.70
1080619	86.50
1080620	89.30
1080621	89.00
1080624	89.60
1080625	88.00
1080626	88.80
1080627	90.40
1080628	90.80
