1070102	32.40
1070103	33.55
1070104	35.30
1070105	36.15
1070108	34.35
1070109	33.95
1070110	33.40
1070111	34.10
1070112	34.65
1070115	38.10
1070116	38.55
1070117	39.70
1070118	38.90
1070119	39.90
1070122	39.40
1070123	38.30
1070124	38.70
1070125	37.90
1070126	38.95
1070129	38.25
1070130	36.90
1070131	36.45
1070201	36.60
1070202	36.30
1070205	35.80
1070206	32.35
1070207	34.60
1070208	33.20
1070209	31.85
1070212	33.90
1070221	35.50
1070222	35.65
1070223	37.65
1070226	37.65
1070227	37.00
1070301	39.40
1070302	39.10
1070305	37.50
1070306	37.75
1070307	37.80
1070308	40.65
1070309	39.40
1070312	40.20
1070313	39.85
1070314	40.30
1070315	39.70
1070316	39.60
1070319	40.45
1070320	39.75
1070321	42.00
1070322	41.00
1070323	39.50
1070326	42.20
1070327	46.40
1070328	46.50
1070329	48.35
1070330	49.50
1070331	49.80
1070402	50.60
1070403	55.50
1070409	54.00
1070410	52.40
1070411	57.30
1070412	55.90
1070413	54.60
1070416	52.70
1070417	47.55
1070418	49.05
1070419	49.90
1070420	50.00
1070423	47.65
1070424	47.75
1070425	46.90
1070426	47.80
1070427	48.65
1070430	50.50
1070502	48.10
1070503	48.50
1070504	51.00
1070507	54.00
1070508	51.60
1070509	51.10
1070510	52.60
1070511	50.60
1070514	53.80
1070515	59.10
1070516	58.20
1070517	57.30
1070518	52.10
1070521	50.60
1070522	50.70
1070523	50.10
1070524	51.80
1070525	53.80
1070528	56.70
1070529	57.20
1070530	61.20
1070531	60.60
1070601	66.60
1070604	64.40
1070605	60.60
1070606	60.60
1070607	59.80
1070608	59.60
1070611	60.00
1070612	65.10
1070613	58.70
1070614	59.60
1070615	59.50
1070619	57.00
1070620	57.60
1070621	57.80
1070622	58.40
1070625	56.70
1070626	57.60
1070627	57.60
1070628	55.80
1070629	57.00
1070702	59.30
1070703	61.50
1070704	59.30
1070705	57.90
1070706	55.50
1070709	54.00
1070710	52.40
1070711	51.80
1070712	52.60
1070713	52.00
1070716	49.65
1070717	50.90
1070718	45.85
1070719	44.80
1070720	43.50
1070723	43.50
1070724	44.95
1070725	47.10
1070726	47.65
1070727	48.65
1070730	46.45
1070731	47.00
1070801	46.35
1070802	43.25
1070803	45.10
1070806	44.50
1070807	45.30
1070808	44.60
1070809	44.70
1070810	41.00
1070813	37.45
1070814	39.20
1070815	37.40
1070816	37.80
1070817	37.05
1070820	36.05
1070821	37.20
1070822	39.20
1070823	37.90
1070824	38.35
1070827	39.60
1070828	39.00
1070829	40.90
1070830	41.85
1070831	41.65
1070903	38.80
1070904	40.35
1070905	39.70
1070906	38.20
1070907	37.20
1070910	33.50
1070911	34.10
1070912	33.95
1070913	33.45
1070914	34.65
1070917	34.35
1070918	33.20
1070919	33.20
1070920	31.60
1070921	32.85
1070925	33.95
1070926	33.65
1070927	33.30
1070928	32.35
1071001	33.00
1071002	33.40
1071003	32.05
1071004	31.75
1071005	28.60
1071008	26.30
1071009	25.60
1071011	23.05
1071012	24.05
1071015	24.75
1071016	24.50
1071017	24.25
1071018	24.50
1071019	23.25
1071022	23.90
1071023	23.00
1071024	23.05
1071025	20.75
1071026	20.30
1071029	20.30
1071030	21.00
1071031	22.25
1071101	23.65
1071102	26.00
1071105	25.75
1071106	24.30
1071107	25.80
1071108	24.65
1071109	23.80
1071112	24.10
1071113	24.15
1071114	24.10
1071115	24.45
1071116	24.60
1071119	25.65
1071120	25.75
1071121	25.55
1071122	24.25
1071123	23.45
1071126	23.75
1071127	24.80
1071128	25.90
1071129	28.45
1071130	31.25
1071203	31.90
1071204	31.50
1071205	30.25
1071206	27.55
1071207	28.10
1071210	26.70
1071211	27.00
1071212	29.70
1071213	28.80
1071214	27.70
1071217	27.25
1071218	26.00
1071219	25.45
1071220	25.65
1071221	26.95
1071222	26.25
1071224	26.50
1071225	25.60
1071226	24.95
1071227	25.45
1071228	25.45
1080102	25.70
1080103	25.45
1080104	24.45
1080107	26.85
1080108	26.75
1080109	26.40
1080110	26.85
1080111	26.40
1080114	26.25
1080115	27.05
1080116	28.95
1080117	28.40
1080118	29.05
1080121	28.80
1080122	28.10
1080123	28.25
1080124	28.40
1080125	28.75
1080128	29.00
1080129	28.90
1080130	28.55
1080211	31.15
1080212	31.30
1080213	31.35
1080214	31.25
1080215	31.00
1080218	29.95
1080219	30.15
1080220	30.15
1080221	30.20
1080222	30.10
1080225	30.25
1080226	29.45
1080227	28.75
1080304	29.30
1080305	28.75
1080306	28.70
1080307	28.50
1080308	27.70
1080311	27.50
1080312	27.70
1080313	28.00
1080314	27.70
1080315	27.15
1080318	26.25
1080319	26.70
1080320	26.55
1080321	27.55
1080322	27.15
1080325	26.10
1080326	26.05
1080327	26.90
1080328	26.65
1080329	26.65
1080401	27.30
1080402	27.25
1080403	27.60
1080408	27.50
1080409	27.85
1080410	28.55
1080411	30.70
1080412	29.05
1080415	29.25
1080416	30.15
1080417	29.85
1080418	28.65
1080419	28.90
1080422	28.80
1080423	28.75
1080424	28.35
1080425	28.10
1080426	27.30
1080429	26.60
1080430	27.20
1080502	27.35
1080503	27.60
1080506	26.30
1080507	26.65
1080508	26.35
1080509	25.50
1080510	25.05
1080513	23.30
1080514	24.55
1080515	25.05
1080516	24.40
1080517	23.90
1080520	23.90
1080521	24.45
1080522	24.20
1080523	24.00
1080524	24.10
1080527	24.55
1080528	24.70
1080529	24.25
1080530	24.60
1080531	24.75
1080603	24.25
1080604	24.25
1080605	24.50
1080606	24.50
1080610	25.25
1080611	25.30
1080612	25.00
1080613	24.75
1080614	25.25
1080617	25.90
1080618	25.30
1080619	25.80
1080620	26.05
1080621	25.55
1080624	25.60
1080625	25.10
1080626	25.50
1080627	25.35
1080628	25.30
