1070102	26.40
1070103	26.50
1070104	26.60
1070105	26.55
1070108	26.75
1070109	26.60
1070110	26.55
1070111	26.70
1070112	26.95
1070115	27.00
1070116	27.05
1070117	27.15
1070118	27.10
1070119	27.10
1070122	27.15
1070123	27.00
1070124	26.95
1070125	26.85
1070126	26.95
1070129	26.95
1070130	26.80
1070131	26.70
1070201	26.75
1070202	26.80
1070205	26.55
1070206	25.80
1070207	26.10
1070208	26.10
1070209	26.00
1070212	25.90
1070221	26.10
1070222	26.30
1070223	26.40
1070226	26.75
1070227	26.65
1070301	26.65
1070302	26.50
1070305	26.40
1070306	26.50
1070307	26.40
1070308	26.45
1070309	26.80
1070312	27.15
1070313	27.20
1070314	27.45
1070315	27.40
1070316	27.35
1070319	27.50
1070320	27.50
1070321	27.45
1070322	26.45
1070323	26.25
1070326	26.35
1070327	26.25
1070328	26.15
1070329	26.20
1070330	26.20
1070331	26.20
1070402	26.15
1070403	26.30
1070409	26.20
1070410	26.20
1070411	26.40
1070412	26.30
1070413	26.25
1070416	26.15
1070417	26.10
1070418	26.05
1070419	26.20
1070420	26.05
1070423	25.80
1070424	25.75
1070425	25.80
1070426	25.75
1070427	25.75
1070430	25.80
1070502	25.70
1070503	25.90
1070504	25.95
1070507	26.00
1070508	26.10
1070509	26.05
1070510	26.15
1070511	26.40
1070514	26.20
1070515	26.30
1070516	26.20
1070517	26.25
1070518	26.35
1070521	26.40
1070522	26.45
1070523	26.65
1070524	26.60
1070525	26.55
1070528	26.45
1070529	26.40
1070530	26.55
1070531	26.80
1070601	26.75
1070604	26.80
1070605	26.70
1070606	26.65
1070607	26.75
1070608	26.70
1070611	26.70
1070612	26.65
1070613	26.55
1070614	26.50
1070615	26.50
1070619	26.25
1070620	26.40
1070621	26.30
1070622	26.25
1070625	26.30
1070626	26.15
1070627	26.20
1070628	26.30
1070629	26.35
1070702	26.30
1070703	26.20
1070704	26.35
1070705	26.20
1070706	26.00
1070709	26.05
1070710	26.05
1070711	26.15
1070712	26.60
1070713	25.00
1070716	25.05
1070717	25.05
1070718	25.10
1070719	25.00
1070720	24.95
1070723	24.95
1070724	25.20
1070725	25.20
1070726	25.15
1070727	25.15
1070730	25.10
1070731	25.10
1070801	25.20
1070802	25.05
1070803	25.10
1070806	25.05
1070807	25.15
1070808	25.10
1070809	25.15
1070810	25.20
1070813	25.00
1070814	25.45
1070815	25.50
1070816	25.45
1070817	25.45
1070820	25.40
1070821	26.50
1070822	27.45
1070823	26.65
1070824	26.35
1070827	26.25
1070828	26.20
1070829	26.15
1070830	26.30
1070831	26.05
1070903	26.10
1070904	26.10
1070905	26.10
1070906	25.90
1070907	25.40
1070910	25.10
1070911	25.40
1070912	25.55
1070913	25.55
1070914	26.05
1070917	25.80
1070918	25.70
1070919	25.75
1070920	25.65
1070921	25.65
1070925	25.65
1070926	25.70
1070927	25.65
1070928	25.65
1071001	25.70
1071002	25.70
1071003	25.70
1071004	25.60
1071005	25.40
1071008	25.40
1071009	25.35
1071011	24.40
1071012	24.70
1071015	24.80
1071016	24.85
1071017	24.80
1071018	24.60
1071019	24.45
1071022	24.55
1071023	24.35
1071024	24.25
1071025	23.85
1071026	23.75
1071029	23.60
1071030	23.65
1071031	23.75
1071101	23.85
1071102	23.80
1071105	23.85
1071106	23.80
1071107	23.90
1071108	24.10
1071109	23.85
1071112	23.80
1071113	23.70
1071114	24.50
1071115	24.55
1071116	24.55
1071119	24.60
1071120	24.50
1071121	24.50
1071122	24.50
1071123	24.45
1071126	24.50
1071127	24.55
1071128	24.60
1071129	24.75
1071130	24.80
1071203	25.10
1071204	24.90
1071205	24.85
1071206	24.50
1071207	24.70
1071210	24.75
1071211	24.60
1071212	24.70
1071213	24.60
1071214	24.60
1071217	24.80
1071218	24.60
1071219	24.55
1071220	24.50
1071221	24.50
1071222	24.55
1071224	24.50
1071225	24.40
1071226	24.50
1071227	24.50
1071228	24.50
1080102	24.45
1080103	24.50
1080104	24.30
1080107	24.50
1080108	24.55
1080109	24.65
1080110	24.55
1080111	24.65
1080114	24.60
1080115	24.75
1080116	24.65
1080117	24.75
1080118	24.95
1080121	24.90
1080122	24.90
1080123	24.90
1080124	24.95
1080125	25.10
1080128	25.10
1080129	25.25
1080130	25.25
1080211	25.20
1080212	25.30
1080213	25.40
1080214	25.45
1080215	25.50
1080218	25.80
1080219	25.95
1080220	25.90
1080221	25.90
1080222	26.00
1080225	26.10
1080226	26.20
1080227	26.15
1080304	26.25
1080305	26.25
1080306	26.35
1080307	26.25
1080308	26.30
1080311	26.25
1080312	26.55
1080313	26.60
1080314	26.65
1080315	26.85
1080318	26.80
1080319	26.75
1080320	26.80
1080321	28.00
1080322	28.35
1080325	28.25
1080326	28.40
1080327	29.00
1080328	28.80
1080329	28.70
1080401	28.75
1080402	28.95
1080403	29.00
1080408	29.75
1080409	29.70
1080410	29.80
1080411	30.00
1080412	30.05
1080415	30.20
1080416	30.20
1080417	30.65
1080418	30.30
1080419	30.50
1080422	30.40
1080423	30.35
1080424	30.75
1080425	31.85
1080426	31.50
1080429	30.90
1080430	31.45
1080502	31.40
1080503	31.25
1080506	30.80
1080507	31.00
1080508	31.00
1080509	31.40
1080510	31.40
1080513	32.15
1080514	31.65
1080515	29.90
1080516	29.70
1080517	29.60
1080520	29.20
1080521	29.55
1080522	29.70
1080523	29.80
1080524	29.95
1080527	29.90
1080528	30.10
1080529	30.00
1080530	30.00
1080531	30.35
1080603	30.30
1080604	30.15
1080605	30.10
1080606	30.00
1080610	30.20
1080611	30.10
1080612	29.90
1080613	29.75
1080614	29.90
1080617	29.85
1080618	29.80
1080619	30.00
1080620	30.35
1080621	30.70
1080624	30.75
1080625	30.45
1080626	30.45
1080627	30.40
1080628	30.40
