1070102	7.25
1070103	7.23
1070104	7.16
1070105	7.18
1070108	7.18
1070109	7.18
1070110	7.19
1070111	7.15
1070112	7.20
1070115	7.20
1070116	7.20
1070117	7.19
1070118	7.20
1070119	7.16
1070122	7.13
1070123	7.09
1070124	7.05
1070125	7.05
1070126	7.05
1070129	7.08
1070130	7.02
1070131	7.00
1070201	6.95
1070202	6.95
1070205	6.93
1070206	6.43
1070207	6.54
1070208	6.54
1070209	6.54
1070212	6.60
1070221	6.70
1070222	6.67
1070223	6.70
1070226	6.70
1070227	6.70
1070301	6.67
1070302	6.65
1070305	6.65
1070306	6.63
1070307	6.66
1070308	6.73
1070309	6.68
1070312	6.67
1070313	6.71
1070314	6.71
1070315	6.68
1070316	6.72
1070319	6.70
1070320	6.66
1070321	6.66
1070322	6.67
1070323	6.65
1070326	6.64
1070327	6.64
1070328	6.60
1070329	6.44
1070330	6.42
1070331	6.38
1070402	6.36
1070403	6.27
1070409	6.25
1070410	6.26
1070411	6.25
1070412	6.22
1070413	6.20
1070416	6.18
1070417	6.19
1070418	6.19
1070419	6.20
1070420	6.15
1070423	6.13
1070424	6.11
1070425	6.09
1070426	6.05
1070427	6.06
1070430	6.05
1070502	6.06
1070503	6.06
1070504	6.03
1070507	6.07
1070508	6.11
1070509	6.11
1070510	6.08
1070511	6.12
1070514	6.16
1070515	6.20
1070516	6.20
1070517	6.20
1070518	6.21
1070521	6.22
1070522	6.22
1070523	6.26
1070524	6.34
1070525	6.34
1070528	6.31
1070529	6.31
1070530	6.30
1070531	6.33
1070601	6.44
1070604	6.50
1070605	6.52
1070606	6.56
1070607	6.76
1070608	6.72
1070611	6.73
1070612	6.68
1070613	6.68
1070614	6.55
1070615	6.64
1070619	6.58
1070620	6.60
1070621	6.58
1070622	6.52
1070625	6.44
1070626	6.42
1070627	6.47
1070628	6.53
1070629	6.45
1070702	6.46
1070703	6.40
1070704	6.37
1070705	6.34
1070706	6.30
1070709	6.30
1070710	6.31
1070711	6.40
1070712	6.32
1070713	6.40
1070716	6.35
1070717	6.39
1070718	6.40
1070719	6.36
1070720	6.35
1070723	6.40
1070724	6.40
1070725	6.40
1070726	6.40
1070727	6.44
1070730	6.39
1070731	6.40
1070801	6.38
1070802	6.33
1070803	6.31
1070806	6.40
1070807	6.40
1070808	6.44
1070809	6.42
1070810	6.40
1070813	6.31
1070814	6.36
1070815	6.32
1070816	6.31
1070817	6.33
1070820	6.33
1070821	6.35
1070822	6.30
1070823	6.33
1070824	6.35
1070827	6.34
1070828	6.33
1070829	6.34
1070830	6.35
1070831	6.38
1070903	6.41
1070904	6.47
1070905	6.46
1070906	6.40
1070907	6.32
1070910	6.33
1070911	6.32
1070912	6.32
1070913	6.33
1070914	6.34
1070917	6.32
1070918	6.35
1070919	6.44
1070920	6.43
1070921	6.43
1070925	6.40
1070926	6.44
1070927	6.45
1070928	6.46
1071001	6.44
1071002	6.48
1071003	6.50
1071004	6.50
1071005	6.46
1071008	6.43
1071009	6.41
1071011	6.17
1071012	6.18
1071015	6.11
1071016	6.14
1071017	6.19
1071018	6.15
1071019	6.11
1071022	6.14
1071023	6.10
1071024	6.10
1071025	5.90
1071026	5.95
1071029	6.00
1071030	6.04
1071031	6.12
1071101	6.20
1071102	6.23
1071105	6.23
1071106	6.23
1071107	6.22
1071108	6.32
1071109	6.30
1071112	6.30
1071113	6.36
1071114	6.40
1071115	6.41
1071116	6.35
1071119	6.36
1071120	6.30
1071121	6.33
1071122	6.38
1071123	6.37
1071126	6.43
1071127	6.40
1071128	6.45
1071129	6.44
1071130	6.46
1071203	6.47
1071204	6.51
1071205	6.53
1071206	6.37
1071207	6.42
1071210	6.42
1071211	6.38
1071212	6.40
1071213	6.35
1071214	6.35
1071217	6.34
1071218	6.27
1071219	6.27
1071220	6.26
1071221	6.29
1071222	6.29
1071224	6.31
1071225	6.32
1071226	6.27
1071227	6.27
1071228	6.32
1080102	6.35
1080103	6.34
1080104	6.34
1080107	6.40
1080108	6.43
1080109	6.43
1080110	6.44
1080111	6.38
1080114	6.35
1080115	6.39
1080116	6.34
1080117	6.28
1080118	6.28
1080121	6.32
1080122	6.28
1080123	6.32
1080124	6.29
1080125	6.30
1080128	6.30
1080129	6.29
1080130	6.32
1080211	6.34
1080212	6.34
1080213	6.33
1080214	6.32
1080215	6.33
1080218	6.33
1080219	6.34
1080220	6.36
1080221	6.38
1080222	6.40
1080225	6.40
1080226	6.40
1080227	6.38
1080304	6.36
1080305	6.39
1080306	6.37
1080307	6.35
1080308	6.33
1080311	6.34
1080312	6.35
1080313	6.35
1080314	6.36
1080315	6.34
1080318	6.38
1080319	6.35
1080320	6.41
1080321	6.41
1080322	6.41
1080325	6.37
1080326	6.38
1080327	6.38
1080328	6.36
1080329	6.37
1080401	6.41
1080402	6.42
1080403	6.44
1080408	6.42
1080409	6.44
1080410	6.37
1080411	6.35
1080412	6.32
1080415	6.31
1080416	6.32
1080417	6.31
1080418	6.25
1080419	6.25
1080422	6.25
1080423	6.23
1080424	6.23
1080425	6.20
1080426	6.19
1080429	6.17
1080430	6.18
1080502	6.18
1080503	6.17
1080506	6.16
1080507	6.17
1080508	6.12
1080509	6.13
1080510	6.13
1080513	6.10
1080514	6.07
1080515	6.11
1080516	6.10
1080517	6.09
1080520	6.06
1080521	6.08
1080522	6.08
1080523	6.04
1080524	6.08
1080527	6.12
1080528	6.15
1080529	6.14
1080530	6.13
1080531	6.16
1080603	6.14
1080604	6.11
1080605	6.09
1080606	6.09
1080610	6.09
1080611	6.07
1080612	6.07
1080613	6.10
1080614	6.10
1080617	6.10
1080618	6.10
1080619	6.11
1080620	6.10
1080621	6.10
1080624	6.09
1080625	6.06
1080626	6.06
1080627	6.05
1080628	6.06
