1070102	12.40
1070103	12.15
1070104	12.15
1070105	12.30
1070108	12.35
1070109	12.20
1070110	12.00
1070111	11.90
1070112	12.00
1070115	12.00
1070116	11.95
1070117	11.90
1070118	11.90
1070119	11.80
1070122	11.75
1070123	11.60
1070124	11.90
1070125	11.70
1070126	11.70
1070129	11.70
1070130	11.60
1070131	11.60
1070201	11.65
1070202	11.55
1070205	11.40
1070206	10.60
1070207	10.55
1070208	10.20
1070209	9.80
1070212	9.82
1070221	10.15
1070222	10.15
1070223	10.15
1070226	10.15
1070227	10.40
1070301	11.30
1070302	11.05
1070305	10.90
1070306	10.70
1070307	10.60
1070308	10.65
1070309	10.90
1070312	11.20
1070313	11.05
1070314	10.95
1070315	10.85
1070316	10.80
1070319	10.95
1070320	10.90
1070321	10.80
1070322	10.70
1070323	10.40
1070326	10.35
1070327	10.45
1070328	10.40
1070329	10.40
1070330	10.45
1070331	10.55
1070402	10.40
1070403	10.40
1070409	10.35
1070410	10.35
1070411	10.35
1070412	10.35
1070413	10.60
1070416	10.55
1070417	10.35
1070418	10.35
1070419	10.45
1070420	10.35
1070423	10.20
1070424	10.10
1070425	10.05
1070426	10.05
1070427	10.05
1070430	10.30
1070502	10.30
1070503	10.40
1070504	10.35
1070507	10.40
1070508	10.40
1070509	10.35
1070510	10.35
1070511	10.30
1070514	9.61
1070515	9.62
1070516	9.50
1070517	9.29
1070518	9.17
1070521	9.19
1070522	9.42
1070523	9.41
1070524	9.37
1070525	9.38
1070528	9.75
1070529	9.48
1070530	9.42
1070531	9.49
1070601	9.49
1070604	9.42
1070605	9.42
1070606	9.45
1070607	9.66
1070608	9.60
1070611	9.61
1070612	9.88
1070613	9.79
1070614	9.89
1070615	9.76
1070619	9.78
1070620	9.69
1070621	9.55
1070622	9.47
1070625	9.33
1070626	9.22
1070627	8.98
1070628	8.80
1070629	9.00
1070702	9.10
1070703	8.90
1070704	8.90
1070705	8.79
1070706	8.73
1070709	8.78
1070710	8.93
1070711	8.97
1070712	8.94
1070713	8.97
1070716	8.97
1070717	9.01
1070718	9.05
1070719	9.09
1070720	9.14
1070723	9.11
1070724	9.38
1070725	9.23
1070726	9.28
1070727	9.19
1070730	9.14
1070731	9.18
1070801	9.28
1070802	9.13
1070803	9.20
1070806	9.27
1070807	9.30
1070808	9.31
1070809	9.27
1070810	9.08
1070813	8.62
1070814	8.63
1070815	8.50
1070816	8.41
1070817	8.36
1070820	8.57
1070821	8.69
1070822	8.79
1070823	8.96
1070824	8.85
1070827	8.82
1070828	8.88
1070829	8.91
1070830	8.85
1070831	8.84
1070903	8.76
1070904	8.68
1070905	8.64
1070906	8.56
1070907	8.60
1070910	8.45
1070911	8.68
1070912	8.55
1070913	8.59
1070914	8.82
1070917	8.75
1070918	8.77
1070919	8.77
1070920	8.69
1070921	8.72
1070925	8.65
1070926	8.65
1070927	8.82
1070928	8.73
1071001	8.71
1071002	8.62
1071003	8.59
1071004	8.51
1071005	8.45
1071008	8.41
1071009	8.38
1071011	7.58
1071012	7.43
1071015	7.56
1071016	7.47
1071017	7.61
1071018	8.37
1071019	8.72
1071022	8.90
1071023	8.66
1071024	8.68
1071025	8.38
1071026	8.35
1071029	8.09
1071030	8.30
1071031	8.54
1071101	8.55
1071102	8.45
1071105	8.46
1071106	8.38
1071107	8.36
1071108	8.47
1071109	8.31
1071112	8.30
1071113	8.27
1071114	8.30
1071115	8.27
1071116	8.40
1071119	8.45
1071120	8.39
1071121	8.56
1071122	8.48
1071123	8.44
1071126	8.63
1071127	9.00
1071128	9.19
1071129	8.94
1071130	9.04
1071203	9.00
1071204	9.06
1071205	9.00
1071206	8.82
1071207	8.89
1071210	8.68
1071211	8.93
1071212	8.93
1071213	9.00
1071214	8.99
1071217	9.41
1071218	9.21
1071219	9.30
1071220	9.12
1071221	9.11
1071222	8.99
1071224	8.98
1071225	8.72
1071226	8.66
1071227	8.75
1071228	8.80
1080102	8.81
1080103	8.80
1080104	8.60
1080107	8.70
1080108	8.80
1080109	8.87
1080110	8.86
1080111	8.87
1080114	8.68
1080115	8.75
1080116	8.75
1080117	8.75
1080118	8.81
1080121	8.88
1080122	8.89
1080123	8.89
1080124	8.95
1080125	8.96
1080128	8.99
1080129	8.98
1080130	8.94
1080211	8.81
1080212	8.86
1080213	8.83
1080214	8.82
1080215	8.82
1080218	8.86
1080219	8.86
1080220	8.85
1080221	8.95
1080222	8.95
1080225	9.12
1080226	9.19
1080227	9.23
1080304	9.24
1080305	9.15
1080306	9.10
1080307	8.99
1080308	8.96
1080311	8.97
1080312	8.98
1080313	8.92
1080314	8.87
1080315	8.80
1080318	8.82
1080319	8.82
1080320	8.83
1080321	8.83
1080322	8.84
1080325	8.66
1080326	8.63
1080327	8.58
1080328	8.61
1080329	8.65
1080401	8.60
1080402	8.61
1080403	8.64
1080408	8.70
1080409	8.68
1080410	8.68
1080411	8.75
1080412	8.73
1080415	8.83
1080416	8.82
1080417	8.90
1080418	8.81
1080419	8.89
1080422	8.93
1080423	8.90
1080424	8.81
1080425	8.84
1080426	8.79
1080429	8.73
1080430	8.77
1080502	8.87
1080503	8.90
1080506	8.74
1080507	8.70
1080508	8.64
1080509	8.52
1080510	8.48
1080513	8.40
1080514	8.30
1080515	8.30
1080516	8.12
1080517	7.96
1080520	7.97
1080521	8.20
1080522	8.20
1080523	8.06
1080524	8.04
1080527	8.01
1080528	8.06
1080529	8.01
1080530	8.01
1080531	8.13
1080603	8.03
1080604	8.00
1080605	8.00
1080606	7.97
1080610	7.97
1080611	8.00
1080612	7.99
1080613	7.98
1080614	8.09
1080617	8.08
1080618	8.11
1080619	8.17
1080620	8.25
1080621	8.15
1080624	8.21
1080625	8.15
1080626	8.15
1080627	8.14
1080628	8.16
