1070102	13.15
1070103	13.05
1070104	13.05
1070105	13.00
1070108	13.00
1070109	13.10
1070110	13.05
1070111	13.10
1070112	13.15
1070115	13.15
1070116	13.10
1070117	13.20
1070118	13.20
1070119	13.10
1070122	13.10
1070123	13.20
1070124	13.15
1070125	13.15
1070126	13.20
1070129	13.20
1070130	13.15
1070131	13.15
1070201	13.05
1070202	13.00
1070205	12.90
1070206	12.45
1070207	12.50
1070208	12.50
1070209	12.50
1070212	12.55
1070221	12.70
1070222	12.65
1070223	12.80
1070226	12.80
1070227	12.80
1070301	12.70
1070302	12.80
1070305	12.80
1070306	12.75
1070307	12.75
1070308	12.80
1070309	12.85
1070312	12.75
1070313	12.85
1070314	12.85
1070315	12.80
1070316	12.80
1070319	12.95
1070320	12.90
1070321	12.90
1070322	12.85
1070323	12.70
1070326	12.75
1070327	12.75
1070328	12.75
1070329	12.75
1070330	12.80
1070331	12.85
1070402	12.85
1070403	12.95
1070409	12.85
1070410	12.95
1070411	13.25
1070412	13.25
1070413	13.30
1070416	13.40
1070417	13.30
1070418	13.20
1070419	13.10
1070420	13.10
1070423	13.00
1070424	12.85
1070425	13.00
1070426	13.00
1070427	13.05
1070430	13.00
1070502	13.00
1070503	13.00
1070504	13.00
1070507	12.95
1070508	12.90
1070509	13.05
1070510	13.00
1070511	12.95
1070514	12.80
1070515	12.80
1070516	12.75
1070517	12.60
1070518	12.80
1070521	12.75
1070522	12.85
1070523	12.75
1070524	12.75
1070525	12.75
1070528	12.75
1070529	12.80
1070530	12.80
1070531	12.80
1070601	12.80
1070604	12.75
1070605	12.85
1070606	12.85
1070607	12.85
1070608	12.85
1070611	12.80
1070612	12.85
1070613	12.90
1070614	12.85
1070615	12.90
1070619	12.90
1070620	12.75
1070621	12.80
1070622	12.80
1070625	12.70
1070626	12.70
1070627	12.70
1070628	12.70
1070629	12.55
1070702	12.70
1070703	12.55
1070704	12.60
1070705	12.55
1070706	12.30
1070709	12.55
1070710	12.50
1070711	12.50
1070712	12.50
1070713	12.50
1070716	12.55
1070717	12.55
1070718	12.60
1070719	12.65
1070720	12.60
1070723	12.35
1070724	12.40
1070725	12.45
1070726	12.45
1070727	12.40
1070730	12.40
1070731	12.40
1070801	12.40
1070802	12.35
1070803	12.40
1070806	12.40
1070807	12.50
1070808	12.50
1070809	12.55
1070810	12.60
1070813	12.45
1070814	12.50
1070815	12.50
1070816	12.45
1070817	12.45
1070820	12.50
1070821	12.50
1070822	12.50
1070823	12.40
1070824	12.50
1070827	12.50
1070828	12.50
1070829	12.50
1070830	12.45
1070831	12.50
1070903	12.40
1070904	12.50
1070905	12.50
1070906	12.40
1070907	12.35
1070910	12.35
1070911	12.35
1070912	12.25
1070913	12.35
1070914	12.40
1070917	12.40
1070918	12.40
1070919	12.45
1070920	12.35
1070921	12.35
1070925	12.40
1070926	12.40
1070927	12.35
1070928	12.35
1071001	12.55
1071002	12.50
1071003	12.45
1071004	12.40
1071005	12.35
1071008	12.30
1071009	12.45
1071011	12.05
1071012	11.95
1071015	12.05
1071016	12.25
1071017	12.00
1071018	12.00
1071019	11.90
1071022	12.05
1071023	12.00
1071024	12.00
1071025	12.00
1071026	11.75
1071029	11.75
1071030	11.75
1071031	11.80
1071101	11.75
1071102	11.90
1071105	11.90
1071106	11.90
1071107	11.90
1071108	11.85
1071109	11.80
1071112	11.80
1071113	11.80
1071114	11.80
1071115	11.80
1071116	11.75
1071119	11.65
1071120	11.65
1071121	11.60
1071122	11.60
1071123	11.60
1071126	11.65
1071127	11.60
1071128	11.90
1071129	11.85
1071130	11.90
1071203	11.85
1071204	11.85
1071205	11.90
1071206	11.85
1071207	12.15
1071210	12.25
1071211	12.35
1071212	12.00
1071213	12.30
1071214	12.40
1071217	12.55
1071218	12.50
1071219	12.50
1071220	12.50
1071221	12.65
1071222	12.55
1071224	12.50
1071225	12.55
1071226	12.35
1071227	12.45
1071228	12.60
1080102	12.55
1080103	12.45
1080104	12.45
1080107	12.45
1080108	12.45
1080109	12.60
1080110	12.55
1080111	12.60
1080114	12.60
1080115	12.55
1080116	12.55
1080117	12.65
1080118	12.80
1080121	12.90
1080122	12.95
1080123	13.00
1080124	13.10
1080125	13.05
1080128	13.10
1080129	13.25
1080130	13.30
1080211	13.40
1080212	13.50
1080213	13.55
1080214	13.50
1080215	13.65
1080218	13.40
1080219	13.50
1080220	13.40
1080221	13.40
1080222	13.45
1080225	13.50
1080226	13.40
1080227	13.30
1080304	13.00
1080305	13.00
1080306	12.95
1080307	12.95
1080308	13.10
1080311	13.15
1080312	13.15
1080313	13.05
1080314	13.00
1080315	13.00
1080318	13.10
1080319	13.10
1080320	13.10
1080321	13.10
1080322	13.20
1080325	13.35
1080326	13.45
1080327	13.50
1080328	13.35
1080329	13.35
1080401	13.30
1080402	13.45
1080403	13.50
1080408	13.45
1080409	13.45
1080410	13.40
1080411	13.50
1080412	14.40
1080415	14.70
1080416	14.60
1080417	14.60
1080418	14.65
1080419	15.05
1080422	15.00
1080423	14.95
1080424	15.30
1080425	14.95
1080426	14.35
1080429	13.90
1080430	14.05
1080502	14.25
1080503	14.00
1080506	13.35
1080507	13.40
1080508	13.30
1080509	13.35
1080510	13.20
1080513	13.00
1080514	13.10
1080515	13.20
1080516	13.10
1080517	13.35
1080520	13.10
1080521	13.25
1080522	13.25
1080523	13.10
1080524	13.00
1080527	13.05
1080528	13.10
1080529	13.00
1080530	13.25
1080531	13.10
1080603	13.10
1080604	13.00
1080605	13.10
1080606	12.95
1080610	13.15
1080611	13.10
1080612	13.10
1080613	13.15
1080614	13.20
1080617	13.15
1080618	13.20
1080619	13.25
1080620	13.30
1080621	13.35
1080624	13.40
1080625	13.40
1080626	13.35
1080627	13.35
1080628	13.30
