1070102	23.20
1070103	23.20
1070104	23.20
1070105	23.20
1070108	23.20
1070109	23.30
1070110	23.30
1070111	23.30
1070112	23.35
1070115	23.35
1070116	23.40
1070117	23.50
1070118	23.30
1070119	23.30
1070122	23.25
1070123	23.25
1070124	23.25
1070125	23.30
1070126	23.25
1070129	23.30
1070130	23.25
1070131	23.15
1070201	23.10
1070202	23.05
1070205	23.05
1070206	22.80
1070207	23.00
1070208	23.05
1070209	22.95
1070212	23.05
1070221	23.10
1070222	23.10
1070223	23.05
1070226	23.00
1070227	23.00
1070301	22.95
1070302	22.95
1070305	23.00
1070306	22.90
1070307	22.85
1070308	22.95
1070309	23.00
1070312	23.10
1070313	23.10
1070314	23.10
1070315	23.05
1070316	22.75
1070319	23.00
1070320	23.00
1070321	23.10
1070322	23.05
1070323	23.05
1070326	23.10
1070327	23.30
1070328	23.30
1070329	23.25
1070330	23.20
1070331	23.25
1070402	23.10
1070403	23.15
1070409	23.10
1070410	23.15
1070411	23.00
1070412	23.15
1070413	22.95
1070416	22.95
1070417	22.90
1070418	22.90
1070419	23.05
1070420	23.05
1070423	22.90
1070424	22.85
1070425	22.80
1070426	22.70
1070427	22.85
1070430	22.95
1070502	22.75
1070503	22.85
1070504	22.75
1070507	22.70
1070508	22.85
1070509	22.90
1070510	22.90
1070511	22.85
1070514	22.85
1070515	22.90
1070516	22.75
1070517	22.75
1070518	22.80
1070521	22.80
1070522	22.85
1070523	22.65
1070524	22.65
1070525	22.65
1070528	22.65
1070529	22.60
1070530	22.60
1070531	22.60
1070601	22.60
1070604	22.60
1070605	22.60
1070606	22.65
1070607	22.65
1070608	22.65
1070611	22.60
1070612	22.60
1070613	22.45
1070614	22.50
1070615	22.55
1070619	22.40
1070620	22.50
1070621	22.55
1070622	22.60
1070625	22.60
1070626	22.50
1070627	22.40
1070628	22.45
1070629	22.90
1070702	22.65
1070703	22.45
1070704	22.40
1070705	22.35
1070706	22.50
1070709	22.65
1070710	22.60
1070711	22.55
1070712	22.45
1070713	22.65
1070716	22.60
1070717	22.55
1070718	22.50
1070719	22.40
1070720	22.50
1070723	22.40
1070724	22.50
1070725	22.55
1070726	22.50
1070727	22.50
1070730	22.40
1070731	22.40
1070801	22.50
1070802	22.45
1070803	22.60
1070806	22.60
1070807	22.65
1070808	22.25
1070809	22.35
1070810	22.40
1070813	22.20
1070814	22.40
1070815	22.15
1070816	22.40
1070817	22.40
1070820	22.30
1070821	22.50
1070822	22.40
1070823	22.50
1070824	22.55
1070827	22.50
1070828	22.50
1070829	22.50
1070830	22.45
1070831	22.45
1070903	22.45
1070904	22.50
1070905	22.50
1070906	22.30
1070907	22.35
1070910	22.30
1070911	22.40
1070912	22.35
1070913	22.40
1070914	22.30
1070917	22.30
1070918	22.25
1070919	22.30
1070920	22.40
1070921	22.50
1070925	22.35
1070926	22.35
1070927	22.45
1070928	22.45
1071001	22.35
1071002	22.35
1071003	22.40
1071004	22.40
1071005	22.30
1071008	22.20
1071009	22.40
1071011	22.05
1071012	22.10
1071015	22.20
1071016	22.20
1071017	22.15
1071018	22.10
1071019	22.10
1071022	22.05
1071023	22.05
1071024	22.10
1071025	22.10
1071026	22.05
1071029	22.10
1071030	22.10
1071031	22.30
1071101	22.35
1071102	22.40
1071105	22.45
1071106	22.50
1071107	22.60
1071108	22.55
1071109	22.60
1071112	22.50
1071113	22.50
1071114	22.60
1071115	22.65
1071116	22.70
1071119	22.60
1071120	22.50
1071121	22.60
1071122	22.60
1071123	22.70
1071126	23.75
1071127	25.10
1071128	24.85
1071129	24.40
1071130	25.00
1071203	25.60
1071204	26.70
1071205	27.35
1071206	25.65
1071207	26.55
1071210	26.50
1071211	25.70
1071212	25.20
1071213	25.45
1071214	24.60
1071217	24.55
1071218	24.15
1071219	24.05
1071220	24.45
1071221	24.70
1071222	24.45
1071224	24.65
1071225	23.55
1071226	22.95
1071227	23.05
1071228	23.00
1080102	23.10
1080103	22.70
1080104	22.40
1080107	22.35
1080108	22.35
1080109	22.35
1080110	22.20
1080111	22.30
1080114	22.15
1080115	22.05
1080116	22.05
1080117	22.10
1080118	22.30
1080121	22.15
1080122	22.00
1080123	21.95
1080124	22.15
1080125	22.15
1080128	22.30
1080129	22.05
1080130	22.20
1080211	22.15
1080212	22.15
1080213	22.10
1080214	22.15
1080215	22.05
1080218	22.10
1080219	22.05
1080220	22.10
1080221	22.05
1080222	22.10
1080225	22.15
1080226	22.10
1080227	22.10
1080304	22.10
1080305	22.10
1080306	22.10
1080307	22.05
1080308	22.10
1080311	21.95
1080312	22.00
1080313	21.95
1080314	21.90
1080315	22.00
1080318	22.05
1080319	22.05
1080320	22.00
1080321	22.20
1080322	22.05
1080325	22.00
1080326	21.95
1080327	21.95
1080328	22.20
1080329	22.10
1080401	22.05
1080402	22.00
1080403	22.00
1080408	22.05
1080409	22.05
1080410	22.05
1080411	22.00
1080412	22.00
1080415	21.95
1080416	22.00
1080417	22.00
1080418	21.90
1080419	21.90
1080422	21.90
1080423	21.95
1080424	21.90
1080425	21.90
1080426	21.90
1080429	21.90
1080430	21.90
1080502	22.00
1080503	21.95
1080506	21.90
1080507	21.90
1080508	21.85
1080509	21.80
1080510	21.60
1080513	21.60
1080514	21.60
1080515	21.50
1080516	21.45
1080517	21.55
1080520	21.55
1080521	21.75
1080522	21.80
1080523	21.70
1080524	21.65
1080527	21.85
1080528	21.85
1080529	21.85
1080530	21.90
1080531	22.00
1080603	21.95
1080604	22.00
1080605	22.05
1080606	22.10
1080610	22.10
1080611	22.00
1080612	21.95
1080613	21.90
1080614	21.95
1080617	21.95
1080618	22.00
1080619	22.05
1080620	22.00
1080621	22.05
1080624	22.20
1080625	22.10
1080626	22.15
1080627	22.15
1080628	22.15
