1070102	19.90
1070103	19.95
1070104	19.90
1070105	20.65
1070108	21.20
1070109	20.75
1070110	20.75
1070111	20.30
1070112	20.55
1070115	20.40
1070116	20.35
1070117	20.15
1070118	20.10
1070119	20.10
1070122	20.15
1070123	20.15
1070124	20.05
1070125	20.05
1070126	19.95
1070129	19.80
1070130	19.70
1070131	19.45
1070201	19.50
1070202	19.45
1070205	18.90
1070206	17.20
1070207	17.25
1070208	17.20
1070209	17.70
1070212	17.60
1070221	18.00
1070222	19.80
1070223	19.60
1070226	20.20
1070227	19.50
1070301	19.50
1070302	19.40
1070305	19.10
1070306	19.15
1070307	18.90
1070308	19.30
1070309	19.10
1070312	19.55
1070313	19.40
1070314	19.35
1070315	19.50
1070316	19.30
1070319	19.35
1070320	19.25
1070321	19.05
1070322	18.85
1070323	18.60
1070326	18.65
1070327	18.65
1070328	18.15
1070329	18.45
1070330	18.70
1070331	18.75
1070402	19.10
1070403	18.75
1070409	18.60
1070410	18.70
1070411	18.90
1070412	19.85
1070413	19.80
1070416	19.55
1070417	19.30
1070418	19.15
1070419	19.25
1070420	19.25
1070423	19.35
1070424	19.40
1070425	18.80
1070426	18.35
1070427	18.30
1070430	18.55
1070502	18.45
1070503	18.25
1070504	18.15
1070507	18.10
1070508	18.15
1070509	18.25
1070510	18.35
1070511	18.75
1070514	18.70
1070515	18.45
1070516	18.85
1070517	18.90
1070518	18.60
1070521	18.60
1070522	18.45
1070523	18.15
1070524	18.20
1070525	18.25
1070528	18.35
1070529	18.20
1070530	17.90
1070531	17.90
1070601	18.15
1070604	18.30
1070605	18.20
1070606	18.50
1070607	18.50
1070608	18.25
1070611	18.55
1070612	18.40
1070613	18.35
1070614	18.95
1070615	18.70
1070619	18.25
1070620	18.35
1070621	18.25
1070622	18.10
1070625	18.00
1070626	17.90
1070627	17.85
1070628	17.75
1070629	17.90
1070702	17.75
1070703	17.55
1070704	17.55
1070705	17.45
1070706	17.10
1070709	17.35
1070710	17.20
1070711	17.20
1070712	17.70
1070713	17.70
1070716	17.80
1070717	17.15
1070718	17.25
1070719	17.15
1070720	17.05
1070723	16.70
1070724	16.90
1070725	16.85
1070726	17.15
1070727	17.15
1070730	17.20
1070731	17.25
1070801	17.50
1070802	17.35
1070803	17.45
1070806	17.35
1070807	17.40
1070808	17.55
1070809	17.55
1070810	17.95
1070813	17.50
1070814	17.55
1070815	17.40
1070816	17.45
1070817	17.50
1070820	17.35
1070821	17.60
1070822	17.60
1070823	17.50
1070824	17.55
1070827	17.90
1070828	18.00
1070829	18.10
1070830	19.90
1070831	19.80
1070903	19.90
1070904	21.25
1070905	20.75
1070906	20.55
1070907	20.40
1070910	20.05
1070911	20.00
1070912	19.80
1070913	20.40
1070914	20.20
1070917	19.90
1070918	20.00
1070919	21.10
1070920	20.90
1070921	20.85
1070925	21.95
1070926	22.05
1070927	21.50
1070928	21.40
1071001	21.40
1071002	20.85
1071003	20.45
1071004	20.05
1071005	19.60
1071008	19.35
1071009	20.15
1071011	19.20
1071012	19.30
1071015	19.05
1071016	19.10
1071017	19.00
1071018	18.70
1071019	18.55
1071022	18.90
1071023	18.55
1071024	18.45
1071025	17.80
1071026	17.80
1071029	17.70
1071030	17.95
1071031	18.30
1071101	18.50
1071102	18.45
1071105	18.30
1071106	18.20
1071107	18.60
1071108	18.50
1071109	18.60
1071112	18.45
1071113	18.55
1071114	18.70
1071115	19.10
1071116	19.10
1071119	19.05
1071120	18.90
1071121	18.80
1071122	18.70
1071123	18.80
1071126	18.85
1071127	18.80
1071128	18.90
1071129	18.85
1071130	18.95
1071203	19.10
1071204	19.05
1071205	18.90
1071206	18.55
1071207	18.75
1071210	18.50
1071211	18.60
1071212	18.70
1071213	18.75
1071214	18.80
1071217	18.80
1071218	18.70
1071219	18.70
1071220	18.95
1071221	19.50
1071222	19.50
1071224	19.45
1071225	18.95
1071226	18.75
1071227	18.90
1071228	18.90
1080102	19.60
1080103	19.95
1080104	19.65
1080107	19.75
1080108	19.60
1080109	19.70
1080110	19.60
1080111	19.75
1080114	19.45
1080115	19.40
1080116	19.20
1080117	19.20
1080118	19.20
1080121	19.50
1080122	19.35
1080123	19.35
1080124	19.35
1080125	19.60
1080128	19.50
1080129	19.35
1080130	19.40
1080211	19.45
1080212	19.55
1080213	19.65
1080214	19.60
1080215	19.55
1080218	19.60
1080219	19.65
1080220	19.90
1080221	19.80
1080222	19.80
1080225	19.80
1080226	19.65
1080227	19.60
1080304	19.75
1080305	19.70
1080306	19.70
1080307	19.75
1080308	19.80
1080311	20.15
1080312	20.15
1080313	20.05
1080314	20.25
1080315	20.25
1080318	20.35
1080319	20.85
1080320	20.80
1080321	20.70
1080322	21.00
1080325	20.60
1080326	20.15
1080327	19.60
1080328	19.35
1080329	19.70
1080401	19.50
1080402	19.25
1080403	19.35
1080408	19.45
1080409	19.45
1080410	19.40
1080411	19.35
1080412	19.50
1080415	19.35
1080416	19.35
1080417	19.50
1080418	19.30
1080419	19.35
1080422	19.45
1080423	19.45
1080424	19.35
1080425	19.40
1080426	19.75
1080429	19.85
1080430	19.70
1080502	19.85
1080503	19.75
1080506	19.50
1080507	19.40
1080508	19.15
1080509	19.05
1080510	19.80
1080513	19.80
1080514	19.65
1080515	20.10
1080516	20.00
1080517	20.00
1080520	19.85
1080521	19.90
1080522	19.90
1080523	19.80
1080524	20.10
1080527	20.10
1080528	20.00
1080529	20.00
1080530	20.10
1080531	20.10
1080603	20.10
1080604	20.10
1080605	20.10
1080606	20.00
1080610	20.05
1080611	19.95
1080612	19.75
1080613	19.65
1080614	19.70
1080617	19.85
1080618	19.85
1080619	20.00
1080620	19.95
1080621	19.95
1080624	19.95
1080625	19.85
1080626	19.95
1080627	20.00
1080628	20.20
