1070102	20.60
1070103	20.65
1070104	20.70
1070105	20.90
1070108	21.00
1070109	20.85
1070110	20.90
1070111	20.90
1070112	20.85
1070115	21.00
1070116	20.90
1070117	20.95
1070118	20.90
1070119	20.90
1070122	21.15
1070123	21.10
1070124	21.10
1070125	21.10
1070126	20.95
1070129	20.95
1070130	21.00
1070131	20.90
1070201	20.90
1070202	20.90
1070205	20.65
1070206	20.10
1070207	20.20
1070208	20.20
1070209	20.30
1070212	20.20
1070221	20.35
1070222	20.65
1070223	20.80
1070226	20.85
1070227	20.80
1070301	20.70
1070302	20.65
1070305	20.35
1070306	20.45
1070307	20.50
1070308	20.50
1070309	20.55
1070312	20.60
1070313	20.75
1070314	20.80
1070315	20.90
1070316	20.60
1070319	20.60
1070320	20.65
1070321	20.70
1070322	20.85
1070323	20.55
1070326	20.55
1070327	20.75
1070328	20.75
1070329	20.65
1070330	20.65
1070331	20.70
1070402	20.80
1070403	20.85
1070409	20.80
1070410	20.90
1070411	20.95
1070412	20.95
1070413	20.95
1070416	20.90
1070417	20.85
1070418	20.85
1070419	20.90
1070420	20.90
1070423	20.90
1070424	20.85
1070425	20.80
1070426	20.85
1070427	20.85
1070430	20.75
1070502	20.75
1070503	20.75
1070504	20.75
1070507	20.80
1070508	20.80
1070509	20.75
1070510	20.70
1070511	20.80
1070514	20.95
1070515	20.90
1070516	21.10
1070517	20.95
1070518	21.10
1070521	21.15
1070522	21.25
1070523	21.00
1070524	21.05
1070525	21.10
1070528	21.15
1070529	21.00
1070530	20.80
1070531	20.85
1070601	20.90
1070604	20.90
1070605	20.95
1070606	21.00
1070607	20.90
1070608	20.95
1070611	20.90
1070612	20.90
1070613	20.95
1070614	20.90
1070615	20.95
1070619	21.05
1070620	21.10
1070621	21.30
1070622	21.25
1070625	21.10
1070626	21.05
1070627	21.00
1070628	21.00
1070629	21.10
1070702	21.20
1070703	21.00
1070704	20.10
1070705	20.15
1070706	20.10
1070709	20.15
1070710	20.10
1070711	20.10
1070712	20.15
1070713	20.25
1070716	20.35
1070717	20.35
1070718	20.25
1070719	20.30
1070720	20.40
1070723	20.40
1070724	20.35
1070725	20.30
1070726	20.35
1070727	20.35
1070730	20.30
1070731	20.35
1070801	20.30
1070802	20.20
1070803	20.35
1070806	20.35
1070807	20.30
1070808	20.30
1070809	20.30
1070810	20.35
1070813	20.15
1070814	20.20
1070815	20.20
1070816	20.20
1070817	20.30
1070820	20.35
1070821	20.30
1070822	20.25
1070823	20.25
1070824	20.25
1070827	20.25
1070828	20.30
1070829	20.40
1070830	20.30
1070831	20.35
1070903	20.50
1070904	20.75
1070905	20.70
1070906	20.60
1070907	20.55
1070910	20.40
1070911	20.35
1070912	20.35
1070913	20.40
1070914	20.40
1070917	20.45
1070918	20.50
1070919	20.90
1070920	20.65
1070921	20.65
1070925	20.55
1070926	20.65
1070927	20.75
1070928	20.80
1071001	20.85
1071002	20.80
1071003	20.65
1071004	20.60
1071005	20.55
1071008	20.60
1071009	20.80
1071011	20.20
1071012	20.20
1071015	20.10
1071016	20.05
1071017	20.00
1071018	19.90
1071019	19.85
1071022	19.95
1071023	19.80
1071024	19.80
1071025	19.80
1071026	19.75
1071029	19.85
1071030	19.90
1071031	19.90
1071101	20.00
1071102	19.95
1071105	19.95
1071106	19.85
1071107	20.00
1071108	20.10
1071109	20.10
1071112	20.15
1071113	20.10
1071114	20.05
1071115	20.05
1071116	19.95
1071119	20.05
1071120	20.05
1071121	20.05
1071122	20.00
1071123	19.90
1071126	19.90
1071127	20.00
1071128	20.05
1071129	20.05
1071130	19.95
1071203	20.00
1071204	20.00
1071205	19.95
1071206	19.90
1071207	19.90
1071210	19.85
1071211	19.90
1071212	19.95
1071213	20.00
1071214	20.00
1071217	19.90
1071218	19.80
1071219	19.85
1071220	19.80
1071221	19.95
1071222	19.95
1071224	19.75
1071225	19.70
1071226	19.60
1071227	19.65
1071228	19.55
1080102	19.55
1080103	19.65
1080104	19.60
1080107	19.70
1080108	19.80
1080109	19.90
1080110	19.95
1080111	19.75
1080114	19.65
1080115	19.75
1080116	19.65
1080117	19.65
1080118	19.70
1080121	19.80
1080122	19.65
1080123	19.65
1080124	19.65
1080125	19.75
1080128	19.75
1080129	19.75
1080130	19.75
1080211	19.80
1080212	19.80
1080213	19.85
1080214	19.95
1080215	19.95
1080218	20.10
1080219	20.05
1080220	20.10
1080221	20.00
1080222	20.10
1080225	19.95
1080226	20.10
1080227	20.00
1080304	19.95
1080305	19.95
1080306	20.00
1080307	20.00
1080308	20.00
1080311	20.05
1080312	20.10
1080313	20.05
1080314	20.10
1080315	20.15
1080318	20.15
1080319	20.15
1080320	20.15
1080321	20.15
1080322	20.25
1080325	20.35
1080326	20.30
1080327	20.20
1080328	20.15
1080329	20.10
1080401	20.10
1080402	20.15
1080403	20.15
1080408	20.10
1080409	20.25
1080410	20.15
1080411	20.20
1080412	20.10
1080415	20.15
1080416	20.15
1080417	20.30
1080418	20.10
1080419	20.20
1080422	20.35
1080423	20.35
1080424	20.30
1080425	20.20
1080426	20.20
1080429	20.20
1080430	20.25
1080502	20.25
1080503	20.15
1080506	20.10
1080507	20.10
1080508	20.15
1080509	20.15
1080510	20.15
1080513	20.15
1080514	20.15
1080515	20.20
1080516	20.10
1080517	20.05
1080520	20.25
1080521	20.25
1080522	20.35
1080523	20.35
1080524	20.40
1080527	20.45
1080528	20.40
1080529	20.50
1080530	20.45
1080531	20.50
1080603	20.45
1080604	20.50
1080605	20.45
1080606	20.45
1080610	20.45
1080611	20.50
1080612	20.45
1080613	20.55
1080614	20.60
1080617	20.55
1080618	20.55
1080619	20.60
1080620	20.60
1080621	20.65
1080624	20.65
1080625	20.65
1080626	20.65
1080627	20.70
1080628	20.60
