1070102	13.80
1070103	13.95
1070104	13.85
1070105	13.95
1070108	14.05
1070109	13.95
1070110	13.95
1070111	14.00
1070112	14.15
1070115	14.25
1070116	14.20
1070117	14.30
1070118	14.25
1070119	14.30
1070122	14.25
1070123	14.35
1070124	14.15
1070125	14.20
1070126	14.20
1070129	14.20
1070130	14.05
1070131	14.00
1070201	13.95
1070202	13.90
1070205	13.60
1070206	12.90
1070207	13.05
1070208	13.15
1070209	12.95
1070212	13.05
1070221	13.20
1070222	13.15
1070223	13.25
1070226	13.25
1070227	13.15
1070301	13.15
1070302	12.95
1070305	13.00
1070306	13.05
1070307	13.05
1070308	13.10
1070309	13.15
1070312	13.40
1070313	13.40
1070314	13.35
1070315	13.35
1070316	13.55
1070319	13.45
1070320	13.40
1070321	13.45
1070322	13.60
1070323	13.50
1070326	13.50
1070327	13.55
1070328	13.40
1070329	13.35
1070330	13.35
1070331	13.35
1070402	13.45
1070403	13.40
1070409	13.50
1070410	13.80
1070411	13.75
1070412	13.80
1070413	13.80
1070416	13.80
1070417	13.70
1070418	13.75
1070419	13.85
1070420	13.80
1070423	13.80
1070424	13.70
1070425	13.85
1070426	14.15
1070427	14.25
1070430	14.20
1070502	14.55
1070503	14.45
1070504	14.15
1070507	14.30
1070508	14.25
1070509	14.30
1070510	14.25
1070511	14.40
1070514	14.45
1070515	14.45
1070516	14.45
1070517	14.45
1070518	14.40
1070521	14.55
1070522	14.50
1070523	14.35
1070524	14.30
1070525	14.25
1070528	14.20
1070529	14.10
1070530	13.75
1070531	14.10
1070601	14.00
1070604	14.10
1070605	14.25
1070606	14.45
1070607	14.50
1070608	14.60
1070611	14.55
1070612	14.55
1070613	14.50
1070614	14.00
1070615	14.15
1070619	13.80
1070620	13.90
1070621	13.90
1070622	14.00
1070625	13.85
1070626	13.75
1070627	13.70
1070628	13.75
1070629	13.90
1070702	13.85
1070703	13.55
1070704	13.10
1070705	13.00
1070706	13.05
1070709	13.15
1070710	13.25
1070711	13.20
1070712	13.35
1070713	13.35
1070716	13.40
1070717	13.40
1070718	13.50
1070719	13.40
1070720	13.50
1070723	13.50
1070724	13.65
1070725	13.65
1070726	13.75
1070727	13.70
1070730	13.70
1070731	14.10
1070801	14.05
1070802	13.80
1070803	14.10
1070806	14.35
1070807	14.55
1070808	15.15
1070809	15.45
1070810	15.40
1070813	14.90
1070814	15.20
1070815	15.20
1070816	15.10
1070817	15.25
1070820	15.20
1070821	15.25
1070822	15.50
1070823	15.50
1070824	15.50
1070827	15.50
1070828	15.60
1070829	15.60
1070830	15.50
1070831	15.55
1070903	15.25
1070904	15.40
1070905	15.05
1070906	15.05
1070907	15.05
1070910	14.95
1070911	15.25
1070912	15.20
1070913	15.20
1070914	15.15
1070917	15.25
1070918	15.20
1070919	15.50
1070920	15.50
1070921	16.00
1070925	16.00
1070926	15.95
1070927	16.30
1070928	16.10
1071001	16.10
1071002	16.10
1071003	16.10
1071004	15.90
1071005	15.80
1071008	16.05
1071009	15.90
1071011	14.95
1071012	14.95
1071015	14.55
1071016	14.55
1071017	14.70
1071018	14.85
1071019	14.80
1071022	15.00
1071023	14.95
1071024	15.00
1071025	14.55
1071026	14.55
1071029	14.60
1071030	14.60
1071031	15.00
1071101	14.95
1071102	15.20
1071105	15.35
1071106	15.40
1071107	15.55
1071108	15.60
1071109	15.55
1071112	15.55
1071113	15.40
1071114	15.60
1071115	15.75
1071116	15.75
1071119	15.80
1071120	15.55
1071121	15.40
1071122	15.40
1071123	15.35
1071126	15.30
1071127	15.35
1071128	15.45
1071129	15.60
1071130	15.70
1071203	15.70
1071204	15.65
1071205	15.30
1071206	15.20
1071207	15.30
1071210	15.10
1071211	15.20
1071212	15.25
1071213	15.45
1071214	15.45
1071217	15.30
1071218	15.25
1071219	15.40
1071220	15.15
1071221	15.10
1071222	15.00
1071224	15.00
1071225	15.00
1071226	15.10
1071227	15.30
1071228	15.45
1080102	15.20
1080103	15.10
1080104	15.10
1080107	15.50
1080108	15.55
1080109	15.70
1080110	15.70
1080111	15.85
1080114	15.80
1080115	16.15
1080116	16.25
1080117	16.35
1080118	16.30
1080121	16.50
1080122	16.50
1080123	16.55
1080124	16.80
1080125	16.75
1080128	16.95
1080129	16.95
1080130	17.00
1080211	16.85
1080212	17.00
1080213	17.05
1080214	17.10
1080215	16.85
1080218	17.15
1080219	17.05
1080220	17.15
1080221	17.10
1080222	17.35
1080225	17.40
1080226	17.40
1080227	17.45
1080304	17.20
1080305	17.45
1080306	17.50
1080307	17.60
1080308	17.40
1080311	17.45
1080312	17.65
1080313	17.90
1080314	17.70
1080315	17.85
1080318	17.70
1080319	17.45
1080320	17.65
1080321	17.65
1080322	17.55
1080325	17.50
1080326	17.55
1080327	17.55
1080328	17.35
1080329	17.55
1080401	17.55
1080402	17.60
1080403	17.45
1080408	17.65
1080409	17.80
1080410	17.65
1080411	17.75
1080412	17.75
1080415	17.75
1080416	17.90
1080417	17.90
1080418	17.85
1080419	17.75
1080422	17.70
1080423	17.85
1080424	17.90
1080425	17.80
1080426	17.85
1080429	17.80
1080430	17.90
1080502	17.75
1080503	18.00
1080506	17.80
1080507	18.00
1080508	17.80
1080509	17.55
1080510	17.60
1080513	17.45
1080514	17.25
1080515	17.35
1080516	17.30
1080517	17.30
1080520	17.40
1080521	17.45
1080522	17.50
1080523	17.50
1080524	17.50
1080527	17.40
1080528	17.30
1080529	17.50
1080530	17.60
1080531	17.75
1080603	17.95
1080604	17.75
1080605	17.90
1080606	18.05
1080610	18.10
1080611	18.05
1080612	17.95
1080613	17.85
1080614	17.85
1080617	18.05
1080618	18.10
1080619	18.60
1080620	18.85
1080621	18.90
1080624	18.90
1080625	18.70
1080626	18.80
1080627	18.85
1080628	18.65
