1070102	20.45
1070103	20.65
1070104	20.65
1070105	20.90
1070108	21.50
1070109	21.40
1070110	21.70
1070111	21.70
1070112	21.75
1070115	22.15
1070116	22.00
1070117	22.00
1070118	21.90
1070119	21.70
1070122	21.85
1070123	21.30
1070124	21.05
1070125	21.30
1070126	21.15
1070129	21.20
1070130	21.10
1070131	21.30
1070201	21.30
1070202	21.30
1070205	20.85
1070206	19.70
1070207	20.35
1070208	20.60
1070209	20.35
1070212	20.60
1070221	21.10
1070222	21.20
1070223	21.25
1070226	21.40
1070227	21.35
1070301	21.50
1070302	21.65
1070305	21.50
1070306	21.70
1070307	21.40
1070308	21.60
1070309	21.65
1070312	21.90
1070313	21.90
1070314	21.80
1070315	21.60
1070316	21.30
1070319	21.60
1070320	21.55
1070321	21.50
1070322	21.55
1070323	20.95
1070326	21.05
1070327	21.15
1070328	21.00
1070329	20.90
1070330	21.20
1070331	21.20
1070402	21.05
1070403	20.90
1070409	21.00
1070410	21.05
1070411	21.50
1070412	21.40
1070413	21.60
1070416	21.55
1070417	21.10
1070418	21.50
1070419	21.70
1070420	21.55
1070423	21.35
1070424	21.30
1070425	21.40
1070426	21.25
1070427	21.35
1070430	21.25
1070502	21.15
1070503	21.10
1070504	21.05
1070507	21.10
1070508	21.35
1070509	21.45
1070510	21.45
1070511	21.95
1070514	22.10
1070515	21.90
1070516	22.05
1070517	22.05
1070518	22.10
1070521	22.15
1070522	22.15
1070523	22.15
1070524	22.15
1070525	22.20
1070528	22.20
1070529	22.15
1070530	21.60
1070531	21.60
1070601	21.70
1070604	21.95
1070605	22.20
1070606	22.45
1070607	22.50
1070608	22.35
1070611	22.35
1070612	22.10
1070613	22.35
1070614	21.90
1070615	22.15
1070619	21.60
1070620	21.85
1070621	21.70
1070622	21.85
1070625	21.75
1070626	21.75
1070627	21.90
1070628	21.75
1070629	21.95
1070702	21.70
1070703	21.65
1070704	21.80
1070705	21.70
1070706	21.50
1070709	20.50
1070710	20.40
1070711	20.45
1070712	20.55
1070713	20.70
1070716	20.65
1070717	20.50
1070718	20.60
1070719	20.40
1070720	20.50
1070723	20.45
1070724	20.50
1070725	20.50
1070726	20.55
1070727	20.65
1070730	20.50
1070731	20.75
1070801	21.10
1070802	20.75
1070803	21.20
1070806	21.45
1070807	21.45
1070808	21.40
1070809	21.15
1070810	21.30
1070813	20.80
1070814	21.20
1070815	21.30
1070816	20.95
1070817	21.15
1070820	21.30
1070821	21.40
1070822	21.50
1070823	21.55
1070824	21.45
1070827	21.50
1070828	21.60
1070829	21.55
1070830	21.35
1070831	21.60
1070903	21.35
1070904	21.55
1070905	21.20
1070906	21.15
1070907	21.15
1070910	21.30
1070911	21.45
1070912	21.20
1070913	21.20
1070914	21.40
1070917	21.45
1070918	21.55
1070919	21.80
1070920	22.15
1070921	22.45
1070925	22.60
1070926	22.40
1070927	23.00
1070928	23.00
1071001	22.95
1071002	22.60
1071003	22.50
1071004	22.95
1071005	22.70
1071008	22.55
1071009	22.75
1071011	21.15
1071012	21.70
1071015	21.20
1071016	21.15
1071017	21.05
1071018	21.15
1071019	21.15
1071022	21.10
1071023	20.95
1071024	20.40
1071025	19.90
1071026	19.90
1071029	19.80
1071030	19.95
1071031	20.65
1071101	20.35
1071102	20.80
1071105	20.75
1071106	20.75
1071107	21.00
1071108	21.20
1071109	21.15
1071112	21.10
1071113	20.90
1071114	20.70
1071115	20.70
1071116	21.10
1071119	21.35
1071120	21.00
1071121	20.85
1071122	20.70
1071123	20.50
1071126	20.65
1071127	20.60
1071128	20.60
1071129	20.40
1071130	20.45
1071203	20.70
1071204	20.65
1071205	20.45
1071206	20.35
1071207	20.20
1071210	20.00
1071211	20.00
1071212	19.90
1071213	20.10
1071214	20.45
1071217	20.20
1071218	20.00
1071219	20.15
1071220	19.95
1071221	19.90
1071222	19.95
1071224	19.85
1071225	19.75
1071226	19.80
1071227	19.95
1071228	20.20
1080102	19.90
1080103	20.00
1080104	19.80
1080107	20.10
1080108	19.95
1080109	20.25
1080110	20.20
1080111	20.10
1080114	20.10
1080115	20.15
1080116	20.05
1080117	20.00
1080118	19.95
1080121	20.25
1080122	20.50
1080123	20.35
1080124	20.40
1080125	20.60
1080128	20.70
1080129	20.55
1080130	20.70
1080211	20.45
1080212	20.55
1080213	20.60
1080214	20.60
1080215	20.45
1080218	20.45
1080219	20.45
1080220	20.55
1080221	20.75
1080222	20.75
1080225	20.75
1080226	20.80
1080227	20.85
1080304	20.75
1080305	20.65
1080306	20.55
1080307	20.60
1080308	20.35
1080311	20.45
1080312	20.60
1080313	20.45
1080314	20.55
1080315	20.65
1080318	20.85
1080319	20.90
1080320	20.90
1080321	21.00
1080322	20.90
1080325	20.60
1080326	20.65
1080327	20.40
1080328	20.40
1080329	20.45
1080401	20.30
1080402	20.40
1080403	20.35
1080408	20.55
1080409	20.75
1080410	20.55
1080411	20.70
1080412	20.55
1080415	20.40
1080416	20.45
1080417	20.35
1080418	20.20
1080419	20.40
1080422	20.45
1080423	20.45
1080424	20.50
1080425	20.60
1080426	20.45
1080429	20.90
1080430	21.15
1080502	21.50
1080503	21.85
1080506	21.45
1080507	21.45
1080508	21.10
1080509	20.85
1080510	21.20
1080513	21.05
1080514	21.05
1080515	20.80
1080516	20.70
1080517	20.70
1080520	20.90
1080521	20.95
1080522	20.90
1080523	20.85
1080524	20.90
1080527	20.95
1080528	21.05
1080529	20.85
1080530	20.90
1080531	20.95
1080603	20.90
1080604	20.80
1080605	20.95
1080606	21.05
1080610	21.30
1080611	21.10
1080612	21.10
1080613	21.05
1080614	21.35
1080617	21.30
1080618	21.30
1080619	21.50
1080620	21.40
1080621	21.10
1080624	21.05
1080625	21.10
1080626	21.20
1080627	21.45
1080628	21.35
