1070102	25.45
1070103	25.80
1070104	26.15
1070105	26.05
1070108	25.85
1070109	25.90
1070110	25.30
1070111	25.45
1070112	25.65
1070115	25.95
1070116	25.95
1070117	26.05
1070118	25.90
1070119	25.85
1070122	25.80
1070123	25.80
1070124	25.65
1070125	25.60
1070126	25.65
1070129	25.60
1070130	25.40
1070131	24.95
1070201	25.05
1070202	25.30
1070205	25.40
1070206	24.00
1070207	24.35
1070208	24.15
1070209	23.80
1070212	23.80
1070221	24.80
1070222	24.70
1070223	25.15
1070226	25.20
1070227	24.80
1070301	24.85
1070302	24.80
1070305	24.60
1070306	24.70
1070307	24.50
1070308	24.65
1070309	25.05
1070312	25.05
1070313	24.70
1070314	24.60
1070315	24.60
1070316	24.80
1070319	24.75
1070320	24.65
1070321	24.65
1070322	24.90
1070323	24.50
1070326	25.05
1070327	25.25
1070328	25.05
1070329	25.15
1070330	25.20
1070331	25.20
1070402	24.80
1070403	24.75
1070409	24.80
1070410	25.10
1070411	24.85
1070412	24.70
1070413	24.80
1070416	24.65
1070417	24.35
1070418	24.00
1070419	24.15
1070420	24.50
1070423	24.60
1070424	24.25
1070425	24.45
1070426	24.40
1070427	24.25
1070430	24.10
1070502	24.20
1070503	24.25
1070504	24.35
1070507	24.15
1070508	24.15
1070509	24.20
1070510	24.40
1070511	24.40
1070514	24.60
1070515	24.55
1070516	25.05
1070517	25.10
1070518	24.95
1070521	25.00
1070522	24.90
1070523	24.80
1070524	24.70
1070525	24.65
1070528	24.70
1070529	24.65
1070530	24.35
1070531	24.30
1070601	24.40
1070604	24.50
1070605	24.65
1070606	24.75
1070607	24.60
1070608	24.65
1070611	24.65
1070612	24.65
1070613	24.45
1070614	24.60
1070615	25.40
1070619	24.95
1070620	24.65
1070621	24.70
1070622	24.60
1070625	24.40
1070626	24.45
1070627	24.35
1070628	24.20
1070629	24.25
1070702	24.30
1070703	24.15
1070704	24.20
1070705	24.10
1070706	24.00
1070709	24.30
1070710	24.20
1070711	24.35
1070712	24.35
1070713	24.70
1070716	24.80
1070717	24.95
1070718	24.90
1070719	24.85
1070720	24.80
1070723	24.95
1070724	25.10
1070725	25.10
1070726	25.30
1070727	25.25
1070730	25.25
1070731	25.40
1070801	25.55
1070802	25.45
1070803	23.40
1070806	23.60
1070807	24.00
1070808	24.10
1070809	24.30
1070810	24.40
1070813	24.00
1070814	24.20
1070815	24.05
1070816	23.65
1070817	23.75
1070820	23.85
1070821	23.95
1070822	23.95
1070823	23.90
1070824	23.80
1070827	23.75
1070828	23.80
1070829	23.80
1070830	23.95
1070831	24.00
1070903	23.90
1070904	24.00
1070905	23.90
1070906	23.90
1070907	23.80
1070910	23.50
1070911	23.45
1070912	23.35
1070913	23.60
1070914	23.70
1070917	23.80
1070918	23.85
1070919	24.05
1070920	23.90
1070921	24.20
1070925	24.00
1070926	24.05
1070927	24.10
1070928	23.85
1071001	23.95
1071002	23.90
1071003	23.90
1071004	23.75
1071005	23.50
1071008	23.55
1071009	23.55
1071011	21.80
1071012	21.70
1071015	21.60
1071016	21.65
1071017	21.50
1071018	20.75
1071019	21.05
1071022	21.05
1071023	20.90
1071024	20.55
1071025	19.75
1071026	19.95
1071029	19.75
1071030	19.90
1071031	19.90
1071101	20.35
1071102	20.60
1071105	20.55
1071106	20.45
1071107	20.50
1071108	20.65
1071109	20.50
1071112	20.50
1071113	20.30
1071114	20.10
1071115	19.75
1071116	19.75
1071119	19.40
1071120	19.40
1071121	19.35
1071122	19.35
1071123	19.35
1071126	19.50
1071127	19.25
1071128	19.20
1071129	19.35
1071130	19.30
1071203	19.55
1071204	19.40
1071205	19.35
1071206	18.70
1071207	19.00
1071210	18.45
1071211	18.10
1071212	18.10
1071213	18.30
1071214	18.35
1071217	18.65
1071218	18.35
1071219	18.05
1071220	18.10
1071221	17.80
1071222	18.00
1071224	18.15
1071225	18.10
1071226	18.05
1071227	18.10
1071228	17.85
1080102	17.95
1080103	17.70
1080104	17.25
1080107	17.35
1080108	17.30
1080109	17.45
1080110	17.25
1080111	17.45
1080114	17.20
1080115	17.15
1080116	17.30
1080117	17.20
1080118	17.20
1080121	17.60
1080122	17.65
1080123	17.25
1080124	17.20
1080125	17.25
1080128	17.35
1080129	17.35
1080130	17.20
1080211	17.20
1080212	17.45
1080213	17.50
1080214	17.35
1080215	17.45
1080218	17.50
1080219	17.60
1080220	17.95
1080221	18.10
1080222	18.45
1080225	19.00
1080226	18.75
1080227	18.50
1080304	18.45
1080305	18.35
1080306	18.30
1080307	18.40
1080308	18.20
1080311	18.50
1080312	18.55
1080313	18.50
1080314	18.35
1080315	18.35
1080318	18.25
1080319	18.25
1080320	18.50
1080321	18.55
1080322	18.50
1080325	18.15
1080326	17.90
1080327	17.75
1080328	17.75
1080329	17.95
1080401	17.80
1080402	17.85
1080403	18.00
1080408	17.70
1080409	17.60
1080410	17.65
1080411	17.60
1080412	17.50
1080415	17.60
1080416	17.60
1080417	17.75
1080418	17.55
1080419	17.45
1080422	17.45
1080423	17.65
1080424	17.65
1080425	17.55
1080426	17.45
1080429	17.40
1080430	17.50
1080502	17.50
1080503	17.55
1080506	17.40
1080507	17.40
1080508	17.40
1080509	17.20
1080510	17.10
1080513	16.80
1080514	16.70
1080515	16.95
1080516	17.05
1080517	16.95
1080520	16.85
1080521	16.90
1080522	17.15
1080523	16.85
1080524	17.20
1080527	17.70
1080528	17.55
1080529	17.50
1080530	17.60
1080531	17.80
1080603	17.75
1080604	17.70
1080605	17.70
1080606	17.75
1080610	17.85
1080611	17.90
1080612	18.25
1080613	18.20
1080614	18.00
1080617	18.05
1080618	18.15
1080619	18.45
1080620	18.40
1080621	18.05
1080624	18.50
1080625	18.35
1080626	18.15
1080627	18.40
1080628	18.15
