1070102	11.80
1070103	11.75
1070104	12.00
1070105	12.30
1070108	12.15
1070109	12.15
1070110	12.15
1070111	12.15
1070112	12.15
1070115	12.10
1070116	12.20
1070117	12.05
1070118	12.10
1070119	12.25
1070122	12.15
1070123	12.20
1070124	12.20
1070125	12.30
1070126	12.55
1070129	12.45
1070130	12.25
1070131	12.05
1070201	12.00
1070202	11.85
1070205	12.00
1070206	11.55
1070207	11.35
1070208	11.50
1070209	11.40
1070212	11.30
1070221	11.30
1070222	11.30
1070223	11.45
1070226	11.50
1070227	11.50
1070301	11.40
1070302	11.35
1070305	11.25
1070306	11.30
1070307	11.30
1070308	11.30
1070309	11.40
1070312	11.60
1070313	11.50
1070314	11.45
1070315	11.45
1070316	11.40
1070319	11.55
1070320	11.60
1070321	11.60
1070322	11.60
1070323	12.00
1070326	12.25
1070327	12.30
1070328	12.25
1070329	12.25
1070330	12.45
1070331	12.90
1070402	12.80
1070403	13.05
1070409	13.30
1070410	13.05
1070411	13.15
1070412	13.20
1070413	13.50
1070416	14.15
1070417	14.00
1070418	14.00
1070419	13.90
1070420	14.00
1070423	13.80
1070424	13.20
1070425	13.60
1070426	13.70
1070427	13.80
1070430	14.00
1070502	14.55
1070503	15.30
1070504	14.05
1070507	14.10
1070508	13.85
1070509	13.25
1070510	13.35
1070511	13.65
1070514	13.30
1070515	13.25
1070516	12.75
1070517	12.90
1070518	12.80
1070521	13.00
1070522	14.05
1070523	13.60
1070524	13.55
1070525	13.15
1070528	13.35
1070529	13.20
1070530	13.20
1070531	13.60
1070601	13.50
1070604	13.40
1070605	13.45
1070606	13.40
1070607	13.20
1070608	13.05
1070611	12.95
1070612	12.95
1070613	13.05
1070614	13.05
1070615	13.10
1070619	13.00
1070620	12.95
1070621	12.85
1070622	12.65
1070625	12.20
1070626	12.45
1070627	12.40
1070628	12.60
1070629	12.75
1070702	12.60
1070703	12.15
1070704	12.40
1070705	12.45
1070706	12.40
1070709	12.40
1070710	12.40
1070711	12.20
1070712	12.15
1070713	12.20
1070716	12.15
1070717	12.05
1070718	12.20
1070719	12.20
1070720	12.10
1070723	12.15
1070724	12.20
1070725	12.35
1070726	12.60
1070727	12.50
1070730	12.45
1070731	12.45
1070801	12.25
1070802	12.00
1070803	11.95
1070806	11.90
1070807	11.70
1070808	11.75
1070809	11.80
1070810	11.55
1070813	11.15
1070814	11.00
1070815	10.80
1070816	10.90
1070817	10.85
1070820	10.85
1070821	10.95
1070822	11.00
1070823	10.80
1070824	10.80
1070827	10.85
1070828	11.00
1070829	11.15
1070830	11.45
1070831	11.35
1070903	11.20
1070904	11.15
1070905	11.10
1070906	11.05
1070907	10.85
1070910	10.50
1070911	10.55
1070912	10.70
1070913	10.80
1070914	10.80
1070917	10.75
1070918	10.65
1070919	10.70
1070920	10.70
1070921	10.75
1070925	10.75
1070926	10.75
1070927	10.80
1070928	10.70
1071001	10.75
1071002	10.70
1071003	10.80
1071004	10.70
1071005	10.60
1071008	10.55
1071009	10.50
1071011	9.58
1071012	9.47
1071015	9.37
1071016	9.35
1071017	9.32
1071018	9.38
1071019	9.30
1071022	9.36
1071023	9.27
1071024	9.27
1071025	9.01
1071026	8.84
1071029	8.80
1071030	8.72
1071031	8.88
1071101	8.81
1071102	8.90
1071105	8.84
1071106	8.78
1071107	8.86
1071108	8.89
1071109	8.93
1071112	9.00
1071113	9.12
1071114	9.15
1071115	9.50
1071116	9.90
1071119	9.86
1071120	9.76
1071121	9.76
1071122	9.70
1071123	9.59
1071126	9.72
1071127	9.75
1071128	9.80
1071129	9.72
1071130	9.74
1071203	9.85
1071204	9.95
1071205	9.83
1071206	9.61
1071207	9.68
1071210	9.68
1071211	9.70
1071212	9.75
1071213	9.73
1071214	9.73
1071217	9.71
1071218	9.62
1071219	9.61
1071220	9.60
1071221	9.60
1071222	9.58
1071224	9.68
1071225	9.61
1071226	9.65
1071227	9.75
1071228	9.86
1080102	9.95
1080103	9.92
1080104	9.90
1080107	9.83
1080108	9.81
1080109	9.72
1080110	9.68
1080111	9.64
1080114	9.50
1080115	9.43
1080116	9.58
1080117	9.47
1080118	9.42
1080121	9.34
1080122	9.32
1080123	9.29
1080124	9.18
1080125	9.11
1080128	9.13
1080129	9.03
1080130	9.06
1080211	9.06
1080212	9.04
1080213	9.03
1080214	9.11
1080215	9.06
1080218	9.09
1080219	9.11
1080220	9.25
1080221	9.26
1080222	9.48
1080225	9.43
1080226	9.48
1080227	9.35
1080304	9.21
1080305	9.22
1080306	9.22
1080307	9.16
1080308	9.09
1080311	9.12
1080312	9.14
1080313	9.11
1080314	9.12
1080315	9.15
1080318	9.17
1080319	9.15
1080320	9.13
1080321	9.12
1080322	9.12
1080325	9.06
1080326	9.07
1080327	9.04
1080328	9.04
1080329	9.03
1080401	8.97
1080402	8.87
1080403	8.96
1080408	8.93
1080409	8.93
1080410	8.90
1080411	8.89
1080412	8.87
1080415	8.88
1080416	8.85
1080417	8.84
1080418	8.80
1080419	8.81
1080422	8.84
1080423	8.85
1080424	8.80
1080425	8.75
1080426	8.75
1080429	8.70
1080430	8.70
1080502	8.89
1080503	8.89
1080506	8.75
1080507	8.80
1080508	8.73
1080509	8.67
1080510	8.55
1080513	8.40
1080514	8.25
1080515	8.29
1080516	8.28
1080517	8.21
1080520	8.13
1080521	8.02
1080522	7.96
1080523	7.68
1080524	7.64
1080527	7.60
1080528	7.69
1080529	7.60
1080530	7.63
1080531	7.68
1080603	7.70
1080604	7.70
1080605	7.67
1080606	7.69
1080610	7.70
1080611	7.63
1080612	7.60
1080613	7.66
1080614	7.65
1080617	7.68
1080618	7.62
1080619	7.65
1080620	7.68
1080621	7.70
1080624	7.69
1080625	7.65
1080626	7.55
1080627	7.53
1080628	7.50
