1070102	98.40
1070103	98.50
1070104	99.70
1070105	100.00
1070108	97.50
1070109	95.50
1070110	95.00
1070111	95.30
1070112	98.00
1070115	97.80
1070116	98.60
1070117	99.50
1070118	97.50
1070119	95.30
1070122	98.20
1070123	96.10
1070124	105.50
1070125	116.00
1070126	116.00
1070129	124.00
1070130	123.00
1070131	118.00
1070201	114.00
1070202	112.50
1070205	108.50
1070206	97.80
1070207	97.80
1070208	96.00
1070209	96.00
1070212	93.00
1070221	100.50
1070222	99.70
1070223	100.50
1070226	100.00
1070227	110.00
1070301	110.00
1070302	107.50
1070305	105.50
1070306	106.00
1070307	103.00
1070308	104.00
1070309	104.50
1070312	104.50
1070313	106.00
1070314	107.00
1070315	109.00
1070316	109.50
1070319	111.50
1070320	108.50
1070321	111.50
1070322	107.50
1070323	103.50
1070326	104.00
1070327	105.00
1070328	104.00
1070329	103.00
1070330	102.50
1070331	102.50
1070402	101.50
1070403	100.50
1070409	100.50
1070410	103.00
1070411	101.50
1070412	102.00
1070413	102.50
1070416	104.00
1070417	109.50
1070418	107.00
1070419	106.50
1070420	106.50
1070423	99.50
1070424	95.00
1070425	95.30
1070426	89.90
1070427	91.00
1070430	92.40
1070502	90.40
1070503	89.20
1070504	89.80
1070507	92.30
1070508	90.70
1070509	90.30
1070510	91.30
1070511	90.00
1070514	88.60
1070515	88.30
1070516	90.00
1070517	92.20
1070518	90.20
1070521	92.50
1070522	92.50
1070523	92.10
1070524	95.00
1070525	95.20
1070528	95.90
1070529	95.50
1070530	93.20
1070531	94.70
1070601	94.70
1070604	95.30
1070605	98.90
1070606	99.30
1070607	97.90
1070608	107.50
1070611	111.00
1070612	111.50
1070613	109.50
1070614	110.00
1070615	107.00
1070619	102.00
1070620	99.00
1070621	98.50
1070622	96.80
1070625	93.30
1070626	92.50
1070627	90.90
1070628	91.70
1070629	94.00
1070702	92.00
1070703	90.50
1070704	90.20
1070705	86.00
1070706	89.40
1070709	87.30
1070710	88.90
1070711	87.50
1070712	91.50
1070713	91.00
1070716	91.70
1070717	91.90
1070718	90.30
1070719	91.10
1070720	92.20
1070723	89.50
1070724	89.00
1070725	88.50
1070726	88.10
1070727	89.20
1070730	89.70
1070731	89.30
1070801	89.10
1070802	88.10
1070803	88.70
1070806	88.00
1070807	83.90
1070808	92.20
1070809	90.80
1070810	88.30
1070813	82.60
1070814	81.60
1070815	80.00
1070816	80.00
1070817	79.50
1070820	78.60
1070821	79.70
1070822	80.10
1070823	79.30
1070824	78.60
1070827	80.40
1070828	80.60
1070829	80.40
1070830	80.70
1070831	80.80
1070903	78.70
1070904	79.50
1070905	80.20
1070906	79.80
1070907	77.00
1070910	69.30
1070911	70.70
1070912	69.20
1070913	68.50
1070914	71.70
1070917	71.70
1070918	70.00
1070919	70.20
1070920	70.70
1070921	70.20
1070925	72.20
1070926	71.40
1070927	71.70
1070928	72.30
1071001	73.30
1071002	73.50
1071003	70.00
1071004	70.20
1071005	67.00
1071008	64.80
1071009	60.50
1071011	54.50
1071012	57.40
1071015	57.80
1071016	57.80
1071017	58.50
1071018	58.50
1071019	59.70
1071022	60.90
1071023	58.00
1071024	60.20
1071025	56.80
1071026	54.80
1071029	54.00
1071030	52.40
1071031	55.40
1071101	57.90
1071102	58.20
1071105	60.60
1071106	62.50
1071107	63.00
1071108	61.80
1071109	62.00
1071112	61.10
1071113	62.20
1071114	60.80
1071115	61.70
1071116	62.60
1071119	63.50
1071120	62.90
1071121	63.60
1071122	64.10
1071123	64.40
1071126	65.00
1071127	66.90
1071128	68.00
1071129	66.50
1071130	66.70
1071203	69.80
1071204	69.90
1071205	66.90
1071206	64.70
1071207	65.60
1071210	63.50
1071211	64.60
1071212	67.70
1071213	67.40
1071214	67.50
1071217	68.60
1071218	66.70
1071219	66.30
1071220	64.50
1071221	64.60
1071222	63.80
1071224	65.00
1071225	63.70
1071226	62.70
1071227	65.20
1071228	66.20
1080102	67.00
1080103	65.30
1080104	64.00
1080107	66.40
1080108	68.50
1080109	67.60
1080110	71.50
1080111	71.80
1080114	75.10
1080115	75.50
1080116	74.10
1080117	72.70
1080118	74.30
1080121	73.80
1080122	73.00
1080123	72.50
1080124	72.50
1080125	73.20
1080128	72.70
1080129	74.00
1080130	73.50
1080211	74.80
1080212	75.00
1080213	74.80
1080214	74.10
1080215	72.50
1080218	74.50
1080219	75.00
1080220	74.20
1080221	79.70
1080222	78.80
1080225	79.20
1080226	77.50
1080227	77.20
1080304	77.00
1080305	77.20
1080306	77.40
1080307	75.60
1080308	74.80
1080311	74.90
1080312	75.60
1080313	79.10
1080314	80.10
1080315	78.80
1080318	78.80
1080319	80.20
1080320	82.30
1080321	90.50
1080322	94.60
1080325	95.60
1080326	99.10
1080327	97.70
1080328	96.40
1080329	98.40
1080401	97.40
1080402	98.80
1080403	97.50
1080408	96.50
1080409	96.10
1080410	96.30
1080411	94.80
1080412	91.50
1080415	93.60
1080416	92.20
1080417	91.20
1080418	92.50
1080419	91.30
1080422	92.00
1080423	90.40
1080424	90.80
1080425	91.40
1080426	87.50
1080429	85.50
1080430	88.30
1080502	88.00
1080503	89.70
1080506	85.70
1080507	86.00
1080508	85.40
1080509	82.00
1080510	81.50
1080513	78.50
1080514	80.60
1080515	80.00
1080516	78.00
1080517	75.00
1080520	75.20
1080521	77.30
1080522	75.50
1080523	72.90
1080524	72.60
1080527	72.30
1080528	72.70
1080529	72.20
1080530	73.10
1080531	73.60
1080603	72.20
1080604	72.10
1080605	72.30
1080606	70.00
1080610	73.50
1080611	74.10
1080612	76.00
1080613	80.40
1080614	81.60
1080617	83.00
1080618	80.80
1080619	82.20
1080620	84.00
1080621	80.80
1080624	82.70
1080625	81.30
1080626	82.40
1080627	86.90
1080628	86.90
