1070102	20.00
1070103	19.90
1070104	20.50
1070105	20.85
1070108	22.90
1070109	21.00
1070110	21.25
1070111	21.00
1070112	21.15
1070115	21.10
1070116	21.40
1070117	21.15
1070118	21.20
1070119	21.00
1070122	21.40
1070123	21.05
1070124	20.95
1070125	20.95
1070126	21.00
1070129	20.90
1070130	20.50
1070131	20.50
1070201	20.50
1070202	20.35
1070205	19.85
1070206	18.10
1070207	18.15
1070208	17.90
1070209	17.80
1070212	17.70
1070221	18.25
1070222	18.10
1070223	18.15
1070226	18.15
1070227	18.05
1070301	17.75
1070302	18.00
1070305	17.95
1070306	18.00
1070307	17.90
1070308	17.90
1070309	17.90
1070312	18.05
1070313	18.00
1070314	17.85
1070315	17.75
1070316	17.70
1070319	17.70
1070320	17.55
1070321	17.60
1070322	17.40
1070323	16.95
1070326	16.95
1070327	16.95
1070328	17.10
1070329	17.10
1070330	17.15
1070331	17.35
1070402	17.15
1070403	17.00
1070409	17.00
1070410	17.10
1070411	17.45
1070412	17.60
1070413	17.40
1070416	17.10
1070417	17.05
1070418	17.10
1070419	17.20
1070420	17.20
1070423	16.95
1070424	17.05
1070425	17.05
1070426	16.80
1070427	16.70
1070430	16.80
1070502	16.55
1070503	16.50
1070504	16.60
1070507	16.60
1070508	15.75
1070509	15.90
1070510	17.45
1070511	17.20
1070514	17.50
1070515	17.65
1070516	17.30
1070517	17.15
1070518	17.10
1070521	17.20
1070522	17.05
1070523	17.00
1070524	17.00
1070525	16.95
1070528	17.30
1070529	17.45
1070530	17.40
1070531	17.55
1070601	19.30
1070604	21.20
1070605	23.30
1070606	23.60
1070607	23.40
1070608	23.50
1070611	25.85
1070612	28.40
1070613	31.20
1070614	34.00
1070615	34.45
1070619	34.90
1070620	33.95
1070621	35.00
1070622	38.50
1070625	38.25
1070626	37.50
1070627	39.20
1070628	37.40
1070629	34.30
1070702	34.40
1070703	33.05
1070704	36.25
1070705	33.20
1070706	32.80
1070709	30.60
1070710	31.30
1070711	29.65
1070712	31.00
1070713	31.00
1070716	30.40
1070717	29.90
1070718	29.40
1070719	29.80
1070720	29.85
1070723	29.90
1070724	32.85
1070725	31.80
1070726	31.60
1070727	33.95
1070730	32.80
1070731	34.00
1070801	33.40
1070802	32.20
1070803	32.10
1070806	31.70
1070807	31.70
1070808	31.60
1070809	31.15
1070810	30.40
1070813	27.60
1070814	25.10
1070815	26.20
1070816	25.85
1070817	25.65
1070820	26.10
1070821	26.50
1070822	26.40
1070823	26.70
1070824	26.25
1070827	27.60
1070828	26.90
1070829	26.95
1070830	27.15
1070831	27.25
1070903	27.25
1070904	27.85
1070905	27.10
1070906	26.95
1070907	26.55
1070910	24.90
1070911	25.35
1070912	25.40
1070913	26.45
1070914	26.60
1070917	26.10
1070918	25.70
1070919	26.15
1070920	25.60
1070921	26.20
1070925	28.65
1070926	30.75
1070927	30.05
1070928	29.80
1071001	29.50
1071002	29.60
1071003	29.20
1071004	28.80
1071005	26.40
1071008	25.75
1071009	25.15
1071011	22.65
1071012	22.20
1071015	22.40
1071016	22.80
1071017	23.00
1071018	23.85
1071019	23.20
1071022	23.70
1071023	22.90
1071024	23.30
1071025	21.00
1071026	19.00
1071029	17.10
1071030	15.50
1071031	16.15
1071101	17.05
1071102	17.00
1071105	17.00
1071106	17.30
1071107	17.60
1071108	17.00
1071109	16.85
1071112	17.00
1071113	16.60
1071114	18.25
1071115	20.05
1071116	21.50
1071119	21.50
1071120	20.35
1071121	20.00
1071122	19.75
1071123	19.45
1071126	20.20
1071127	20.20
1071128	20.55
1071129	20.80
1071130	20.80
1071203	21.50
1071204	21.55
1071205	20.60
1071206	19.20
1071207	19.10
1071210	19.75
1071211	19.80
1071212	20.10
1071213	20.45
1071214	19.75
1071217	19.65
1071218	19.55
1071219	18.80
1071220	16.95
1071221	17.10
1071222	17.80
1071224	19.00
1071225	18.50
1071226	18.30
1071227	18.10
1071228	17.80
1080102	17.50
1080103	17.25
1080104	16.80
1080107	17.30
1080108	19.00
1080109	20.00
1080110	18.10
1080111	17.45
1080114	17.55
1080115	18.15
1080116	18.25
1080117	18.00
1080118	17.80
1080121	17.75
1080122	17.55
1080123	17.80
1080124	18.15
1080125	18.05
1080128	18.05
1080129	18.10
1080130	18.05
1080211	18.15
1080212	18.15
1080213	19.95
1080214	20.40
1080215	19.10
1080218	19.75
1080219	19.45
1080220	19.55
1080221	19.50
1080222	19.30
1080225	19.25
1080226	19.05
1080227	19.05
1080304	18.75
1080305	18.80
1080306	19.20
1080307	19.10
1080308	19.30
1080311	19.25
1080312	19.50
1080313	21.45
1080314	22.60
1080315	21.35
1080318	22.10
1080319	21.40
1080320	21.40
1080321	21.40
1080322	22.20
1080325	22.20
1080326	22.05
1080327	21.60
1080328	21.50
1080329	23.65
1080401	26.00
1080402	26.85
1080403	27.30
1080408	26.75
1080409	26.95
1080410	26.65
1080411	26.50
1080412	25.55
1080415	25.70
1080416	26.65
1080417	25.60
1080418	25.00
1080419	25.25
1080422	25.80
1080423	25.80
1080424	26.25
1080425	26.00
1080426	25.00
1080429	23.25
1080430	23.30
1080502	24.50
1080503	24.60
1080506	22.75
1080507	23.45
1080508	22.95
1080509	22.30
1080510	21.10
1080513	19.85
1080514	20.30
1080515	21.80
1080516	21.05
1080517	20.45
1080520	20.15
1080521	20.70
1080522	20.20
1080523	19.90
1080524	19.85
1080527	19.60
1080528	19.90
1080529	19.70
1080530	19.75
1080531	19.95
1080603	20.35
1080604	19.90
1080605	20.25
1080606	20.05
1080610	20.40
1080611	20.75
1080612	21.35
1080613	21.05
1080614	21.45
1080617	21.80
1080618	21.45
1080619	21.25
1080620	21.45
1080621	21.55
1080624	21.55
1080625	21.20
1080626	20.95
1080627	21.10
1080628	20.80
