1070102	16.70
1070103	16.50
1070104	17.00
1070105	16.50
1070108	16.45
1070109	16.90
1070110	17.00
1070111	16.95
1070112	16.20
1070115	16.00
1070116	16.00
1070117	15.85
1070118	15.90
1070119	16.00
1070122	16.80
1070123	17.15
1070124	16.90
1070125	16.55
1070126	16.05
1070129	16.50
1070130	--
1070131	18.15
1070201	19.60
1070202	18.90
1070205	19.10
1070206	18.90
1070207	19.60
1070208	18.80
1070209	18.70
1070212	18.00
1070221	18.70
1070222	20.20
1070223	21.90
1070226	24.05
1070227	23.50
1070301	23.85
1070302	24.00
1070305	24.40
1070306	24.40
1070307	24.70
1070308	25.00
1070309	24.50
1070312	24.60
1070313	24.50
1070314	24.55
1070315	24.80
1070316	24.50
1070319	24.20
1070320	24.35
1070321	23.55
1070322	24.00
1070323	23.60
1070326	23.40
1070327	22.10
1070328	22.95
1070329	23.30
1070330	22.05
1070331	23.00
1070402	22.60
1070403	22.20
1070409	22.20
1070410	22.50
1070411	23.90
1070412	23.20
1070413	22.95
1070416	23.50
1070417	23.50
1070418	23.20
1070419	23.20
1070420	22.90
1070423	22.70
1070424	22.45
1070425	22.90
1070426	21.45
1070427	22.20
1070430	22.30
1070502	22.60
1070503	22.85
1070504	22.90
1070507	22.80
1070508	22.90
1070509	23.00
1070510	22.75
1070511	22.80
1070514	22.95
1070515	23.20
1070516	23.45
1070517	23.25
1070518	22.75
1070521	23.20
1070522	22.55
1070523	22.15
1070524	22.20
1070525	22.45
1070528	22.60
1070529	22.65
1070530	22.60
1070531	22.80
1070601	22.80
1070604	22.75
1070605	22.80
1070606	22.80
1070607	23.60
1070608	23.10
1070611	23.60
1070612	23.30
1070613	23.25
1070614	22.95
1070615	23.00
1070619	22.85
1070620	22.80
1070621	23.45
1070622	22.70
1070625	22.30
1070626	22.20
1070627	22.25
1070628	21.60
1070629	21.50
1070702	22.30
1070703	21.65
1070704	21.55
1070705	21.20
1070706	20.80
1070709	20.90
1070710	21.40
1070711	20.00
1070712	20.00
1070713	19.90
1070716	18.90
1070717	18.90
1070718	19.30
1070719	--
1070720	18.95
1070723	18.05
1070724	18.00
1070725	18.00
1070726	18.30
1070727	19.20
1070730	19.25
1070731	19.50
1070801	19.20
1070802	19.10
1070803	19.10
1070806	19.20
1070807	19.20
1070808	20.90
1070809	20.40
1070810	20.50
1070813	20.40
1070814	19.85
1070815	19.95
1070816	20.20
1070817	20.30
1070820	20.35
1070821	20.45
1070822	--
1070823	21.00
1070824	20.50
1070827	20.00
1070828	19.95
1070829	20.10
1070830	20.10
1070831	20.00
1070903	--
1070904	--
1070905	20.00
1070906	20.05
1070907	19.65
1070910	19.80
1070911	20.30
1070912	20.50
1070913	20.70
1070914	21.05
1070917	20.85
1070918	20.80
1070919	20.60
1070920	20.60
1070921	20.90
1070925	21.25
1070926	21.30
1070927	21.30
1070928	21.00
1071001	21.00
1071002	20.85
1071003	20.90
1071004	20.55
1071005	20.30
1071008	20.15
1071009	20.85
1071011	20.50
1071012	20.30
1071015	20.30
1071016	20.40
1071017	20.40
1071018	20.25
1071019	20.00
1071022	20.20
1071023	20.15
1071024	20.00
1071025	19.50
1071026	19.35
1071029	19.75
1071030	19.25
1071031	19.30
1071101	19.25
1071102	18.65
1071105	18.50
1071106	18.50
1071107	19.00
1071108	18.80
1071109	18.05
1071112	18.15
1071113	18.00
1071114	18.20
1071115	17.90
1071116	18.00
1071119	18.70
1071120	20.10
1071121	20.05
1071122	19.80
1071123	19.65
1071126	19.65
1071127	19.95
1071128	19.90
1071129	19.90
1071130	19.70
1071203	19.70
1071204	19.40
1071205	19.75
1071206	19.40
1071207	19.75
1071210	19.40
1071211	19.75
1071212	19.75
1071213	19.40
1071214	19.40
1071217	19.50
1071218	19.30
1071219	19.25
1071220	--
1071221	19.10
1071222	18.80
1071224	18.95
1071225	19.10
1071226	18.85
1071227	18.60
1071228	18.80
1080102	18.60
1080103	18.75
1080104	18.40
1080107	18.70
1080108	18.90
1080109	19.30
1080110	18.95
1080111	19.05
1080114	19.30
1080115	19.00
1080116	19.00
1080117	18.65
1080118	19.00
1080121	18.80
1080122	19.15
1080123	19.10
1080124	19.30
1080125	19.20
1080128	18.60
1080129	18.90
1080130	18.85
1080211	19.10
1080212	19.15
1080213	19.05
1080214	19.10
1080215	19.40
1080218	19.90
1080219	19.90
1080220	20.15
1080221	20.10
1080222	20.00
1080225	20.00
1080226	20.00
1080227	20.00
1080304	19.80
1080305	19.55
1080306	21.50
1080307	23.65
1080308	23.20
1080311	22.75
1080312	23.20
1080313	23.70
1080314	23.10
1080315	23.40
1080318	22.70
1080319	22.30
1080320	23.00
1080321	22.60
1080322	22.20
1080325	21.85
1080326	22.00
1080327	21.70
1080328	21.80
1080329	21.70
1080401	22.05
1080402	22.40
1080403	24.60
1080408	27.05
1080409	27.05
1080410	28.35
1080411	27.65
1080412	30.40
1080415	27.40
1080416	26.80
1080417	25.30
1080418	25.50
1080419	26.15
1080422	27.80
1080423	28.70
1080424	29.10
1080425	27.90
1080426	26.75
1080429	26.10
1080430	26.10
1080502	26.15
1080503	26.25
1080506	25.15
1080507	25.15
1080508	24.50
1080509	24.30
1080510	23.80
1080513	24.70
1080514	24.80
1080515	24.80
1080516	24.35
1080517	24.10
1080520	23.85
1080521	24.40
1080522	24.15
1080523	22.90
1080524	22.90
1080527	23.15
1080528	23.15
1080529	22.95
1080530	22.80
1080531	22.80
1080603	22.45
1080604	22.80
1080605	22.50
1080606	22.55
1080610	22.80
1080611	22.80
1080612	22.70
1080613	23.15
1080614	22.90
1080617	23.00
1080618	22.40
1080619	22.60
1080620	22.50
1080621	22.40
1080624	23.15
1080625	23.15
1080626	23.25
1080627	23.20
1080628	23.25
