1070102	9.01
1070103	9.05
1070104	9.45
1070105	9.29
1070108	9.25
1070109	9.34
1070110	9.21
1070111	9.24
1070112	9.22
1070115	9.15
1070116	9.39
1070117	9.34
1070118	9.25
1070119	9.26
1070122	9.15
1070123	9.18
1070124	9.25
1070125	9.14
1070126	9.14
1070129	9.09
1070130	9.03
1070131	9.01
1070201	9.02
1070202	8.94
1070205	8.67
1070206	7.85
1070207	8.01
1070208	8.02
1070209	7.90
1070212	8.01
1070221	8.17
1070222	8.24
1070223	8.32
1070226	8.40
1070227	8.55
1070301	8.49
1070302	8.38
1070305	8.24
1070306	8.19
1070307	8.13
1070308	8.21
1070309	8.12
1070312	8.15
1070313	8.21
1070314	8.26
1070315	8.41
1070316	8.26
1070319	8.20
1070320	8.19
1070321	8.18
1070322	8.15
1070323	8.04
1070326	8.00
1070327	8.09
1070328	7.98
1070329	7.97
1070330	7.98
1070331	8.00
1070402	8.10
1070403	8.00
1070409	7.88
1070410	7.96
1070411	7.83
1070412	7.79
1070413	7.75
1070416	7.54
1070417	7.54
1070418	7.52
1070419	7.50
1070420	7.43
1070423	7.21
1070424	6.90
1070425	7.17
1070426	6.99
1070427	7.00
1070430	7.00
1070502	6.99
1070503	7.01
1070504	7.00
1070507	6.92
1070508	7.20
1070509	7.07
1070510	7.10
1070511	7.11
1070514	7.21
1070515	7.13
1070516	7.15
1070517	7.09
1070518	7.07
1070521	7.10
1070522	7.08
1070523	7.13
1070524	7.12
1070525	7.08
1070528	7.20
1070529	7.92
1070530	8.71
1070531	9.13
1070601	8.78
1070604	8.74
1070605	9.36
1070606	9.12
1070607	9.02
1070608	9.00
1070611	9.05
1070612	8.86
1070613	8.80
1070614	8.57
1070615	8.72
1070619	8.64
1070620	8.60
1070621	8.78
1070622	8.54
1070625	8.54
1070626	8.40
1070627	8.32
1070628	8.16
1070629	8.30
1070702	8.21
1070703	8.07
1070704	7.95
1070705	8.19
1070706	8.02
1070709	8.66
1070710	8.40
1070711	8.40
1070712	8.40
1070713	8.37
1070716	8.52
1070717	8.49
1070718	8.50
1070719	8.35
1070720	8.30
1070723	8.26
1070724	8.30
1070725	8.50
1070726	8.41
1070727	8.47
1070730	8.69
1070731	8.60
1070801	9.08
1070802	8.81
1070803	8.85
1070806	8.93
1070807	9.08
1070808	9.01
1070809	8.89
1070810	8.67
1070813	8.42
1070814	8.37
1070815	8.18
1070816	8.31
1070817	8.23
1070820	8.30
1070821	8.36
1070822	8.36
1070823	8.62
1070824	8.63
1070827	8.67
1070828	8.68
1070829	8.56
1070830	8.57
1070831	8.55
1070903	8.56
1070904	8.70
1070905	8.65
1070906	8.61
1070907	8.25
1070910	7.80
1070911	7.85
1070912	7.70
1070913	7.86
1070914	7.93
1070917	7.83
1070918	7.72
1070919	7.71
1070920	7.62
1070921	7.57
1070925	7.48
1070926	7.51
1070927	7.48
1070928	7.46
1071001	7.45
1071002	7.40
1071003	7.26
1071004	7.17
1071005	7.03
1071008	7.03
1071009	7.02
1071011	6.32
1071012	6.32
1071015	6.23
1071016	6.27
1071017	6.28
1071018	6.24
1071019	6.11
1071022	6.12
1071023	6.10
1071024	6.00
1071025	5.64
1071026	5.56
1071029	5.47
1071030	5.43
1071031	5.75
1071101	5.94
1071102	6.18
1071105	6.28
1071106	6.29
1071107	6.34
1071108	6.33
1071109	6.60
1071112	7.26
1071113	7.98
1071114	7.75
1071115	8.29
1071116	8.23
1071119	8.08
1071120	7.93
1071121	8.40
1071122	8.05
1071123	7.97
1071126	8.03
1071127	8.10
1071128	8.13
1071129	8.22
1071130	8.27
1071203	8.34
1071204	8.48
1071205	8.36
1071206	7.90
1071207	8.07
1071210	7.85
1071211	7.99
1071212	8.01
1071213	8.02
1071214	7.89
1071217	7.85
1071218	7.77
1071219	7.62
1071220	7.54
1071221	7.50
1071222	7.46
1071224	7.50
1071225	7.30
1071226	7.28
1071227	7.42
1071228	7.44
1080102	7.38
1080103	7.36
1080104	7.28
1080107	7.35
1080108	7.32
1080109	7.30
1080110	7.29
1080111	7.20
1080114	7.00
1080115	7.10
1080116	7.11
1080117	7.15
1080118	7.35
1080121	7.90
1080122	7.87
1080123	7.68
1080124	7.70
1080125	7.86
1080128	8.02
1080129	8.02
1080130	7.98
1080211	7.88
1080212	7.89
1080213	8.05
1080214	8.35
1080215	8.18
1080218	8.12
1080219	8.23
1080220	9.05
1080221	9.95
1080222	9.75
1080225	10.00
1080226	9.99
1080227	10.95
1080304	10.70
1080305	10.25
1080306	10.50
1080307	10.30
1080308	11.10
1080311	11.20
1080312	11.25
1080313	11.20
1080314	10.90
1080315	10.85
1080318	10.65
1080319	10.35
1080320	10.75
1080321	10.80
1080322	10.45
1080325	10.25
1080326	10.65
1080327	10.45
1080328	10.35
1080329	10.70
1080401	11.75
1080402	11.80
1080403	12.95
1080408	14.20
1080409	13.55
1080410	14.70
1080411	14.35
1080412	13.75
1080415	14.00
1080416	14.40
1080417	14.05
1080418	13.90
1080419	14.20
1080422	14.00
1080423	14.45
1080424	14.90
1080425	14.05
1080426	14.40
1080429	14.25
1080430	15.05
1080502	15.50
1080503	15.20
1080506	14.40
1080507	14.15
1080508	14.15
1080509	13.10
1080510	13.45
1080513	12.90
1080514	13.40
1080515	13.50
1080516	13.00
1080517	12.65
1080520	12.15
1080521	13.35
1080522	13.25
1080523	13.50
1080524	13.30
1080527	13.30
1080528	13.60
1080529	13.40
1080530	13.60
1080531	13.80
1080603	14.35
1080604	14.00
1080605	14.20
1080606	14.00
1080610	14.10
1080611	14.40
1080612	14.05
1080613	13.35
1080614	13.40
1080617	13.45
1080618	13.45
1080619	13.75
1080620	13.85
1080621	13.80
1080624	13.25
1080625	13.20
1080626	13.15
1080627	13.30
1080628	13.15
