1070102	46.80
1070103	47.25
1070104	47.25
1070105	47.50
1070108	47.00
1070109	46.60
1070110	45.55
1070111	45.65
1070112	46.45
1070115	46.05
1070116	45.90
1070117	45.60
1070118	45.35
1070119	45.70
1070122	45.90
1070123	46.25
1070124	46.05
1070125	46.25
1070126	46.25
1070129	47.20
1070130	46.95
1070131	48.80
1070201	48.50
1070202	46.70
1070205	45.15
1070206	42.00
1070207	42.30
1070208	42.00
1070209	41.50
1070212	42.60
1070221	43.45
1070222	43.50
1070223	44.50
1070226	44.80
1070227	44.40
1070301	44.50
1070302	44.10
1070305	43.70
1070306	43.75
1070307	43.70
1070308	44.75
1070309	44.85
1070312	45.40
1070313	47.00
1070314	48.10
1070315	48.15
1070316	47.40
1070319	48.30
1070320	47.80
1070321	47.80
1070322	47.65
1070323	46.45
1070326	47.10
1070327	47.90
1070328	47.55
1070329	47.65
1070330	47.80
1070331	48.25
1070402	48.70
1070403	48.70
1070409	49.15
1070410	48.90
1070411	49.75
1070412	50.60
1070413	50.10
1070416	50.00
1070417	49.40
1070418	50.00
1070419	49.75
1070420	49.75
1070423	49.00
1070424	48.60
1070425	48.00
1070426	47.70
1070427	48.35
1070430	49.15
1070502	49.35
1070503	48.75
1070504	48.75
1070507	49.20
1070508	49.05
1070509	48.85
1070510	49.35
1070511	49.00
1070514	45.10
1070515	44.80
1070516	45.10
1070517	45.40
1070518	45.65
1070521	45.90
1070522	45.60
1070523	45.40
1070524	45.40
1070525	45.35
1070528	45.00
1070529	44.90
1070530	45.10
1070531	44.80
1070601	45.30
1070604	45.75
1070605	46.20
1070606	48.90
1070607	48.45
1070608	48.45
1070611	48.50
1070612	48.20
1070613	48.10
1070614	47.85
1070615	47.55
1070619	47.10
1070620	46.60
1070621	46.90
1070622	46.40
1070625	46.80
1070626	46.40
1070627	46.65
1070628	46.40
1070629	46.50
1070702	46.70
1070703	46.60
1070704	46.75
1070705	46.60
1070706	46.85
1070709	46.95
1070710	47.55
1070711	47.50
1070712	47.80
1070713	47.75
1070716	47.85
1070717	47.90
1070718	47.90
1070719	48.10
1070720	47.90
1070723	47.80
1070724	43.75
1070725	43.75
1070726	43.55
1070727	43.60
1070730	43.80
1070731	43.90
1070801	44.15
1070802	43.75
1070803	43.90
1070806	44.95
1070807	44.95
1070808	44.85
1070809	44.65
1070810	44.80
1070813	43.80
1070814	43.90
1070815	43.80
1070816	43.40
1070817	43.05
1070820	42.80
1070821	43.30
1070822	43.35
1070823	42.90
1070824	43.35
1070827	43.70
1070828	44.00
1070829	44.10
1070830	44.15
1070831	44.05
1070903	43.95
1070904	43.85
1070905	43.70
1070906	43.60
1070907	42.80
1070910	42.80
1070911	42.15
1070912	41.25
1070913	41.20
1070914	42.10
1070917	41.95
1070918	41.55
1070919	41.60
1070920	41.55
1070921	41.75
1070925	41.90
1070926	42.05
1070927	42.10
1070928	41.55
1071001	41.60
1071002	41.45
1071003	41.20
1071004	40.85
1071005	38.30
1071008	38.60
1071009	38.10
1071011	34.60
1071012	35.65
1071015	36.50
1071016	37.00
1071017	37.40
1071018	37.35
1071019	36.75
1071022	37.40
1071023	36.80
1071024	36.65
1071025	35.40
1071026	35.10
1071029	34.05
1071030	34.05
1071031	35.20
1071101	35.90
1071102	36.35
1071105	36.20
1071106	37.00
1071107	38.55
1071108	38.80
1071109	39.05
1071112	38.00
1071113	37.70
1071114	38.10
1071115	38.35
1071116	38.20
1071119	38.30
1071120	38.50
1071121	38.05
1071122	38.50
1071123	38.65
1071126	38.45
1071127	38.65
1071128	38.80
1071129	39.05
1071130	39.55
1071203	41.00
1071204	40.60
1071205	39.95
1071206	39.30
1071207	39.30
1071210	38.90
1071211	39.30
1071212	40.10
1071213	39.95
1071214	39.80
1071217	39.70
1071218	39.35
1071219	39.05
1071220	38.45
1071221	38.50
1071222	38.80
1071224	39.55
1071225	39.20
1071226	38.80
1071227	39.00
1071228	39.05
1080102	39.00
1080103	38.85
1080104	38.80
1080107	39.20
1080108	39.40
1080109	39.80
1080110	40.40
1080111	40.70
1080114	40.45
1080115	40.80
1080116	41.00
1080117	41.85
1080118	41.55
1080121	41.90
1080122	41.90
1080123	41.95
1080124	41.55
1080125	42.05
1080128	42.25
1080129	41.80
1080130	42.30
1080211	43.45
1080212	44.50
1080213	46.00
1080214	46.50
1080215	46.50
1080218	47.40
1080219	47.35
1080220	47.15
1080221	47.35
1080222	47.15
1080225	47.35
1080226	47.70
1080227	47.65
1080304	49.60
1080305	50.40
1080306	51.20
1080307	50.60
1080308	51.10
1080311	50.30
1080312	51.60
1080313	52.90
1080314	54.50
1080315	53.40
1080318	54.60
1080319	54.30
1080320	53.80
1080321	53.90
1080322	53.00
1080325	53.90
1080326	55.00
1080327	54.60
1080328	53.20
1080329	54.40
1080401	55.00
1080402	54.80
1080403	54.90
1080408	55.30
1080409	53.50
1080410	51.20
1080411	51.30
1080412	50.50
1080415	51.20
1080416	51.90
1080417	51.90
1080418	50.60
1080419	51.30
1080422	51.60
1080423	51.60
1080424	51.90
1080425	54.90
1080426	55.00
1080429	53.80
1080430	54.30
1080502	54.00
1080503	54.00
1080506	53.00
1080507	53.50
1080508	54.30
1080509	53.60
1080510	54.00
1080513	53.60
1080514	54.00
1080515	55.30
1080516	54.90
1080517	54.90
1080520	54.50
1080521	55.10
1080522	54.20
1080523	53.20
1080524	53.20
1080527	52.80
1080528	52.90
1080529	52.70
1080530	53.20
1080531	53.40
1080603	52.90
1080604	52.60
1080605	52.70
1080606	52.10
1080610	52.80
1080611	52.50
1080612	52.40
1080613	53.00
1080614	53.10
1080617	53.40
1080618	53.40
1080619	53.50
1080620	53.80
1080621	53.50
1080624	53.40
1080625	53.60
1080626	53.30
1080627	53.30
1080628	53.40
1080701	54.00
1080702	55.00
1080703	54.50
1080704	54.60
1080705	54.70
