1070102	15.65
1070103	15.70
1070104	16.00
1070105	15.85
1070108	15.90
1070109	15.80
1070110	15.70
1070111	15.40
1070112	15.55
1070115	15.35
1070116	15.60
1070117	15.85
1070118	16.65
1070119	16.20
1070122	15.75
1070123	15.60
1070124	15.55
1070125	15.50
1070126	15.55
1070129	15.50
1070130	15.50
1070131	15.65
1070201	15.70
1070202	15.65
1070205	15.30
1070206	14.40
1070207	14.90
1070208	14.95
1070209	14.15
1070212	14.35
1070221	14.30
1070222	14.40
1070223	14.50
1070226	14.70
1070227	14.75
1070301	14.70
1070302	14.45
1070305	15.00
1070306	15.60
1070307	15.60
1070308	15.65
1070309	15.70
1070312	15.70
1070313	15.60
1070314	15.55
1070315	15.60
1070316	15.60
1070319	15.60
1070320	15.45
1070321	15.20
1070322	15.20
1070323	14.95
1070326	14.80
1070327	14.80
1070328	14.75
1070329	14.65
1070330	14.60
1070331	14.25
1070402	14.40
1070403	14.70
1070409	14.85
1070410	14.85
1070411	14.85
1070412	14.90
1070413	14.90
1070416	15.15
1070417	15.00
1070418	14.95
1070419	14.80
1070420	14.85
1070423	14.80
1070424	14.45
1070425	14.50
1070426	14.50
1070427	13.70
1070430	14.00
1070502	14.35
1070503	14.45
1070504	14.35
1070507	14.80
1070508	15.05
1070509	15.00
1070510	14.95
1070511	14.95
1070514	14.85
1070515	14.90
1070516	14.80
1070517	14.70
1070518	14.60
1070521	14.50
1070522	14.30
1070523	14.20
1070524	14.50
1070525	14.45
1070528	14.40
1070529	14.40
1070530	14.30
1070531	14.35
1070601	15.75
1070604	16.10
1070605	16.00
1070606	16.15
1070607	16.15
1070608	15.80
1070611	16.00
1070612	15.95
1070613	15.80
1070614	15.75
1070615	15.60
1070619	15.40
1070620	15.20
1070621	15.10
1070622	15.25
1070625	15.00
1070626	14.90
1070627	14.65
1070628	14.85
1070629	14.85
1070702	14.80
1070703	14.50
1070704	14.95
1070705	15.00
1070706	14.45
1070709	14.85
1070710	14.90
1070711	14.95
1070712	14.90
1070713	14.95
1070716	15.00
1070717	14.85
1070718	14.80
1070719	14.70
1070720	14.65
1070723	14.85
1070724	14.90
1070725	14.90
1070726	15.10
1070727	15.20
1070730	15.05
1070731	15.10
1070801	15.20
1070802	15.00
1070803	15.80
1070806	15.75
1070807	15.75
1070808	15.55
1070809	15.40
1070810	15.25
1070813	15.50
1070814	15.25
1070815	14.35
1070816	14.25
1070817	14.65
1070820	14.35
1070821	14.40
1070822	14.65
1070823	14.60
1070824	14.55
1070827	14.55
1070828	14.55
1070829	14.90
1070830	14.90
1070831	14.75
1070903	14.85
1070904	14.80
1070905	14.85
1070906	14.85
1070907	14.70
1070910	14.15
1070911	14.40
1070912	14.25
1070913	14.35
1070914	14.35
1070917	14.15
1070918	14.20
1070919	14.25
1070920	14.15
1070921	14.30
1070925	14.65
1070926	14.55
1070927	14.70
1070928	14.75
1071001	14.70
1071002	14.70
1071003	14.65
1071004	14.60
1071005	14.35
1071008	13.80
1071009	13.80
1071011	12.45
1071012	12.75
1071015	12.70
1071016	13.00
1071017	12.85
1071018	12.80
1071019	12.70
1071022	12.60
1071023	12.55
1071024	12.25
1071025	12.00
1071026	12.50
1071029	12.35
1071030	12.45
1071031	12.55
1071101	12.60
1071102	12.65
1071105	12.95
1071106	13.10
1071107	13.30
1071108	13.30
1071109	13.20
1071112	13.35
1071113	13.60
1071114	13.70
1071115	13.90
1071116	13.90
1071119	14.20
1071120	14.20
1071121	14.25
1071122	14.30
1071123	14.00
1071126	14.00
1071127	14.00
1071128	14.05
1071129	14.10
1071130	14.20
1071203	14.40
1071204	15.10
1071205	15.25
1071206	14.90
1071207	15.10
1071210	14.70
1071211	14.95
1071212	15.00
1071213	15.00
1071214	14.90
1071217	14.90
1071218	14.90
1071219	14.70
1071220	14.60
1071221	14.70
1071222	14.70
1071224	14.75
1071225	14.50
1071226	14.70
1071227	14.70
1071228	14.70
1080102	14.00
1080103	14.05
1080104	13.70
1080107	14.30
1080108	14.25
1080109	14.25
1080110	14.10
1080111	14.05
1080114	14.30
1080115	13.95
1080116	14.15
1080117	14.30
1080118	14.30
1080121	14.45
1080122	14.45
1080123	14.75
1080124	14.40
1080125	14.45
1080128	14.45
1080129	14.55
1080130	14.70
1080211	14.90
1080212	14.90
1080213	14.90
1080214	15.00
1080215	15.15
1080218	14.95
1080219	14.90
1080220	14.70
1080221	14.70
1080222	14.75
1080225	14.70
1080226	14.80
1080227	14.85
1080304	15.10
1080305	14.90
1080306	14.90
1080307	14.95
1080308	14.80
1080311	14.75
1080312	14.75
1080313	14.85
1080314	15.05
1080315	15.60
1080318	15.75
1080319	15.70
1080320	16.00
1080321	16.00
1080322	16.00
1080325	17.40
1080326	17.65
1080327	17.60
1080328	16.85
1080329	17.25
1080401	17.20
1080402	17.95
1080403	19.00
1080408	18.55
1080409	18.55
1080410	18.35
1080411	17.75
1080412	17.75
1080415	17.70
1080416	18.30
1080417	18.20
1080418	18.65
1080419	18.65
1080422	18.40
1080423	18.40
1080424	18.40
1080425	18.20
1080426	17.90
1080429	17.35
1080430	17.70
1080502	18.20
1080503	18.35
1080506	18.05
1080507	17.85
1080508	18.90
1080509	18.20
1080510	17.70
1080513	17.60
1080514	17.90
1080515	17.90
1080516	17.10
1080517	16.60
1080520	17.15
1080521	17.25
1080522	17.30
1080523	17.20
1080524	17.30
1080527	17.35
1080528	17.35
1080529	17.40
1080530	17.70
1080531	17.65
1080603	17.25
1080604	17.35
1080605	17.40
1080606	17.30
1080610	16.80
1080611	16.90
1080612	16.90
1080613	17.20
1080614	16.80
1080617	16.65
1080618	16.95
1080619	17.00
1080620	17.15
1080621	17.25
1080624	17.00
1080625	17.00
1080626	16.50
1080627	16.50
1080628	16.45
