1070102	8.43
1070103	8.45
1070104	8.46
1070105	8.33
1070108	8.52
1070109	8.54
1070110	8.80
1070111	8.95
1070112	9.06
1070115	8.91
1070116	8.94
1070117	9.00
1070118	8.85
1070119	8.90
1070122	8.93
1070123	9.05
1070124	9.60
1070125	9.43
1070126	10.35
1070129	10.05
1070130	9.71
1070131	9.52
1070201	9.25
1070202	9.81
1070205	9.70
1070206	8.85
1070207	9.17
1070208	9.60
1070209	9.18
1070212	9.15
1070221	9.17
1070222	9.05
1070223	9.03
1070226	9.06
1070227	9.07
1070301	9.04
1070302	8.99
1070305	9.17
1070306	9.31
1070307	9.38
1070308	9.37
1070309	9.34
1070312	9.19
1070313	9.33
1070314	9.37
1070315	10.15
1070316	9.98
1070319	9.82
1070320	10.00
1070321	10.15
1070322	10.10
1070323	9.66
1070326	9.64
1070327	9.62
1070328	9.55
1070329	9.45
1070330	9.17
1070331	9.23
1070402	9.10
1070403	9.20
1070409	8.76
1070410	8.76
1070411	8.86
1070412	8.99
1070413	8.86
1070416	9.06
1070417	8.86
1070418	8.88
1070419	8.86
1070420	8.97
1070423	8.70
1070424	8.47
1070425	8.47
1070426	8.03
1070427	8.14
1070430	8.07
1070502	8.11
1070503	8.29
1070504	8.23
1070507	8.03
1070508	8.06
1070509	8.17
1070510	8.10
1070511	8.17
1070514	8.09
1070515	8.08
1070516	8.09
1070517	8.01
1070518	7.98
1070521	8.06
1070522	8.14
1070523	8.07
1070524	7.92
1070525	8.00
1070528	8.05
1070529	7.73
1070530	7.51
1070531	7.75
1070601	7.96
1070604	8.01
1070605	8.01
1070606	8.32
1070607	8.32
1070608	8.30
1070611	8.28
1070612	8.35
1070613	8.26
1070614	8.28
1070615	8.30
1070619	8.15
1070620	8.12
1070621	8.16
1070622	8.18
1070625	8.20
1070626	8.14
1070627	8.13
1070628	8.20
1070629	8.23
1070702	8.20
1070703	8.15
1070704	8.00
1070705	8.12
1070706	8.01
1070709	7.96
1070710	7.68
1070711	7.72
1070712	7.81
1070713	7.89
1070716	7.97
1070717	7.90
1070718	7.91
1070719	7.65
1070720	7.80
1070723	7.84
1070724	7.73
1070725	7.78
1070726	7.85
1070727	7.82
1070730	7.83
1070731	7.86
1070801	7.80
1070802	7.80
1070803	7.78
1070806	7.89
1070807	7.99
1070808	7.85
1070809	7.95
1070810	8.00
1070813	7.84
1070814	7.86
1070815	7.85
1070816	8.04
1070817	7.85
1070820	7.94
1070821	8.73
1070822	8.28
1070823	7.98
1070824	7.90
1070827	7.90
1070828	7.81
1070829	7.90
1070830	7.82
1070831	7.88
1070903	7.90
1070904	7.98
1070905	7.95
1070906	7.80
1070907	7.70
1070910	7.77
1070911	7.68
1070912	7.53
1070913	7.69
1070914	7.69
1070917	7.65
1070918	7.40
1070919	7.41
1070920	7.41
1070921	7.30
1070925	7.46
1070926	7.60
1070927	7.60
1070928	7.65
1071001	7.70
1071002	7.75
1071003	7.89
1071004	7.60
1071005	7.60
1071008	7.60
1071009	7.58
1071011	6.83
1071012	6.42
1071015	6.67
1071016	6.50
1071017	6.76
1071018	6.60
1071019	6.90
1071022	7.12
1071023	--
1071024	6.96
1071025	6.92
1071026	6.60
1071029	6.50
1071030	6.49
1071031	6.45
1071101	6.56
1071102	6.60
1071105	6.74
1071106	6.62
1071107	6.65
1071108	6.70
1071109	6.59
1071112	6.79
1071113	6.78
1071114	6.78
1071115	--
1071116	6.59
1071119	--
1071120	6.54
1071121	6.58
1071122	6.56
1071123	6.56
1071126	6.56
1071127	6.53
1071128	6.33
1071129	6.25
1071130	6.32
1071203	6.68
1071204	6.75
1071205	6.73
1071206	6.69
1071207	6.73
1071210	--
1071211	--
1071212	6.69
1071213	6.69
1071214	6.44
1071217	6.67
1071218	6.63
1071219	6.30
1071220	6.22
1071221	6.25
1071222	6.16
1071224	6.15
1071225	6.29
1071226	6.30
1071227	6.13
1071228	6.15
1080102	--
1080103	6.28
1080104	6.24
1080107	6.24
1080108	6.31
1080109	6.31
1080110	6.06
1080111	6.26
1080114	6.11
1080115	6.15
1080116	6.12
1080117	6.20
1080118	6.33
1080121	--
1080122	--
1080123	6.30
1080124	--
1080125	6.20
1080128	6.16
1080129	6.12
1080130	6.11
1080211	6.17
1080212	6.19
1080213	6.15
1080214	6.25
1080215	6.28
1080218	6.30
1080219	6.30
1080220	6.87
1080221	6.80
1080222	6.50
1080225	6.68
1080226	6.70
1080227	6.75
1080304	6.70
1080305	6.88
1080306	6.78
1080307	6.73
1080308	6.56
1080311	6.55
1080312	6.65
1080313	--
1080314	6.42
1080315	6.50
1080318	6.50
1080319	6.36
1080320	6.60
1080321	6.44
1080322	6.43
1080325	6.43
1080326	6.40
1080327	6.50
1080328	6.77
1080329	6.79
1080401	6.45
1080402	6.45
1080403	6.50
1080408	6.41
1080409	6.50
1080410	6.49
1080411	6.21
1080412	6.54
1080415	6.40
1080416	6.30
1080417	6.75
1080418	6.31
1080419	6.30
1080422	6.31
1080423	6.45
1080424	6.42
1080425	6.44
1080426	6.35
1080429	6.24
1080430	6.45
1080502	6.30
1080503	6.30
1080506	6.29
1080507	6.29
1080508	6.28
1080509	6.73
1080510	6.39
1080513	6.35
1080514	6.35
1080515	6.35
1080516	6.16
1080517	6.16
1080520	6.16
1080521	6.16
1080522	--
1080523	6.00
1080524	6.20
1080527	6.15
1080528	6.05
1080529	5.98
1080530	6.00
1080531	5.94
1080603	5.82
1080604	--
1080605	--
1080606	5.81
1080610	--
1080611	--
1080612	--
1080613	5.80
1080614	5.71
1080617	5.81
1080618	5.80
1080619	5.84
1080620	5.99
1080621	5.98
1080624	6.28
1080625	6.23
1080626	5.93
1080627	5.70
1080628	5.94
