1070102	9.82
1070103	9.82
1070104	9.89
1070105	9.79
1070108	9.71
1070109	9.49
1070110	9.16
1070111	8.94
1070112	9.12
1070115	8.90
1070116	8.86
1070117	8.81
1070118	9.21
1070119	9.05
1070122	8.92
1070123	8.90
1070124	8.86
1070125	8.85
1070126	8.85
1070129	8.85
1070130	8.78
1070131	8.97
1070201	8.81
1070202	8.85
1070205	8.60
1070206	8.89
1070207	8.51
1070208	8.66
1070209	8.60
1070212	8.47
1070221	8.55
1070222	8.67
1070223	8.69
1070226	9.55
1070227	9.90
1070301	9.73
1070302	9.80
1070305	9.66
1070306	9.66
1070307	9.65
1070308	9.57
1070309	9.78
1070312	9.55
1070313	9.56
1070314	9.59
1070315	9.62
1070316	9.70
1070319	9.80
1070320	9.75
1070321	9.70
1070322	9.16
1070323	9.10
1070326	8.89
1070327	8.85
1070328	8.79
1070329	8.80
1070330	8.95
1070331	8.90
1070402	8.70
1070403	8.66
1070409	8.95
1070410	8.88
1070411	8.62
1070412	8.63
1070413	8.62
1070416	8.60
1070417	8.63
1070418	8.70
1070419	8.69
1070420	8.40
1070423	8.50
1070424	8.58
1070425	8.40
1070426	8.29
1070427	8.39
1070430	8.56
1070502	8.50
1070503	8.45
1070504	8.40
1070507	8.21
1070508	8.20
1070509	8.30
1070510	8.30
1070511	8.25
1070514	8.20
1070515	7.96
1070516	7.74
1070517	7.77
1070518	7.86
1070521	7.80
1070522	7.79
1070523	7.97
1070524	7.96
1070525	7.90
1070528	7.79
1070529	7.64
1070530	7.70
1070531	8.47
1070601	9.31
1070604	10.00
1070605	9.81
1070606	9.60
1070607	9.17
1070608	8.99
1070611	9.13
1070612	9.16
1070613	9.11
1070614	9.15
1070615	9.15
1070619	9.09
1070620	9.05
1070621	9.14
1070622	9.03
1070625	9.01
1070626	9.00
1070627	8.70
1070628	8.64
1070629	8.62
1070702	8.50
1070703	8.40
1070704	8.33
1070705	8.54
1070706	8.54
1070709	8.28
1070710	8.41
1070711	8.41
1070712	8.40
1070713	8.38
1070716	8.68
1070717	8.66
1070718	8.60
1070719	8.39
1070720	8.35
1070723	8.35
1070724	8.58
1070725	8.45
1070726	8.43
1070727	8.60
1070730	8.70
1070731	8.85
1070801	8.88
1070802	9.19
1070803	10.10
1070806	10.40
1070807	10.10
1070808	9.70
1070809	9.89
1070810	9.86
1070813	9.32
1070814	9.20
1070815	9.20
1070816	8.79
1070817	8.77
1070820	8.58
1070821	8.75
1070822	8.60
1070823	8.50
1070824	8.59
1070827	8.68
1070828	8.77
1070829	8.70
1070830	8.70
1070831	8.90
1070903	8.99
1070904	9.10
1070905	9.00
1070906	8.93
1070907	8.89
1070910	8.60
1070911	8.70
1070912	8.51
1070913	8.55
1070914	8.70
1070917	8.71
1070918	8.96
1070919	9.05
1070920	9.10
1070921	9.82
1070925	9.40
1070926	9.34
1070927	9.21
1070928	9.02
1071001	9.12
1071002	9.01
1071003	9.10
1071004	9.00
1071005	8.68
1071008	8.70
1071009	8.78
1071011	8.76
1071012	8.79
1071015	8.69
1071016	8.70
1071017	8.70
1071018	8.55
1071019	8.59
1071022	8.60
1071023	8.60
1071024	8.61
1071025	8.55
1071026	8.57
1071029	8.60
1071030	8.72
1071031	8.72
1071101	8.76
1071102	8.88
1071105	8.65
1071106	8.62
1071107	8.70
1071108	9.15
1071109	9.12
1071112	9.05
1071113	9.39
1071114	9.40
1071115	9.88
1071116	9.91
1071119	9.84
1071120	10.80
1071121	10.80
1071122	10.15
1071123	9.96
1071126	9.99
1071127	10.10
1071128	10.00
1071129	9.99
1071130	9.98
1071203	10.30
1071204	10.25
1071205	10.45
1071206	11.45
1071207	12.00
1071210	12.10
1071211	12.10
1071212	12.30
1071213	12.15
1071214	12.40
1071217	12.20
1071218	12.05
1071219	11.70
1071220	11.35
1071221	11.70
1071222	11.60
1071224	12.75
1071225	12.05
1071226	12.05
1071227	12.40
1071228	13.60
1080102	14.50
1080103	13.70
1080104	13.30
1080107	13.55
1080108	13.40
1080109	13.25
1080110	13.35
1080111	13.45
1080114	13.25
1080115	13.20
1080116	13.50
1080117	13.25
1080118	13.30
1080121	13.60
1080122	13.25
1080123	13.45
1080124	13.70
1080125	14.20
1080128	13.80
1080129	13.45
1080130	13.20
1080211	13.25
1080212	13.25
1080213	13.35
1080214	13.35
1080215	13.10
1080218	12.70
1080219	12.80
1080220	12.85
1080221	12.80
1080222	12.80
1080225	12.55
1080226	12.85
1080227	12.60
1080304	12.60
1080305	12.75
1080306	12.55
1080307	12.35
1080308	12.25
1080311	12.20
1080312	12.25
1080313	12.75
1080314	12.65
1080315	12.45
1080318	12.35
1080319	12.55
1080320	12.35
1080321	12.35
1080322	12.15
1080325	11.25
1080326	11.30
1080327	11.20
1080328	10.95
1080329	10.70
1080401	11.15
1080402	11.10
1080403	11.25
1080408	11.10
1080409	11.15
1080410	11.15
1080411	11.15
1080412	11.00
1080415	10.85
1080416	11.00
1080417	11.10
1080418	11.80
1080419	12.10
1080422	11.60
1080423	11.45
1080424	11.45
1080425	11.40
1080426	11.40
1080429	10.90
1080430	11.00
1080502	11.40
1080503	11.85
1080506	11.40
1080507	11.50
1080508	11.40
1080509	10.95
1080510	10.40
1080513	9.75
1080514	9.90
1080515	9.79
1080516	9.53
1080517	9.07
1080520	9.08
1080521	9.09
1080522	9.13
1080523	9.06
1080524	9.02
1080527	9.00
1080528	8.96
1080529	9.00
1080530	9.08
1080531	9.05
1080603	8.93
1080604	8.98
1080605	8.95
1080606	8.80
1080610	8.83
1080611	8.80
1080612	8.82
1080613	8.80
1080614	8.71
1080617	8.69
1080618	8.45
1080619	8.52
1080620	8.63
1080621	8.63
1080624	8.68
1080625	8.66
1080626	8.66
1080627	8.68
1080628	8.67
1080701	8.75
1080702	8.75
1080703	8.80
1080704	8.89
1080705	9.30
