1070102	50.90
1070103	50.90
1070104	51.10
1070105	51.00
1070108	51.30
1070109	51.90
1070110	51.70
1070111	51.20
1070112	51.40
1070115	51.60
1070116	51.60
1070117	51.60
1070118	51.30
1070119	51.30
1070122	51.50
1070123	51.30
1070124	51.30
1070125	51.40
1070126	50.90
1070129	50.60
1070130	50.40
1070131	50.30
1070201	50.10
1070202	50.20
1070205	50.00
1070206	47.45
1070207	47.90
1070208	48.15
1070209	47.90
1070212	47.90
1070221	48.30
1070222	48.10
1070223	48.20
1070226	48.40
1070227	48.70
1070301	48.50
1070302	48.60
1070305	48.60
1070306	48.65
1070307	48.85
1070308	49.80
1070309	49.75
1070312	49.75
1070313	49.80
1070314	49.80
1070315	50.10
1070316	50.00
1070319	50.40
1070320	50.30
1070321	50.50
1070322	50.30
1070323	50.00
1070326	49.05
1070327	49.00
1070328	49.35
1070329	49.35
1070330	48.80
1070331	48.90
1070402	48.75
1070403	48.45
1070409	48.50
1070410	48.60
1070411	48.50
1070412	48.35
1070413	48.40
1070416	48.00
1070417	47.85
1070418	47.90
1070419	47.35
1070420	47.10
1070423	47.00
1070424	46.45
1070425	46.55
1070426	46.00
1070427	45.70
1070430	45.80
1070502	45.50
1070503	45.50
1070504	45.45
1070507	45.50
1070508	45.30
1070509	45.25
1070510	45.65
1070511	46.10
1070514	46.50
1070515	45.90
1070516	46.15
1070517	46.05
1070518	45.85
1070521	46.25
1070522	46.45
1070523	46.35
1070524	46.60
1070525	46.85
1070528	46.80
1070529	47.20
1070530	49.80
1070531	49.30
1070601	48.80
1070604	49.50
1070605	49.90
1070606	50.00
1070607	50.00
1070608	50.70
1070611	50.20
1070612	50.10
1070613	50.20
1070614	50.10
1070615	50.60
1070619	50.10
1070620	50.10
1070621	51.20
1070622	52.00
1070625	52.00
1070626	52.10
1070627	52.10
1070628	52.00
1070629	52.50
1070702	52.90
1070703	53.10
1070704	52.90
1070705	53.00
1070706	54.00
1070709	54.80
1070710	55.30
1070711	55.00
1070712	55.00
1070713	55.60
1070716	56.10
1070717	56.70
1070718	56.80
1070719	56.80
1070720	57.00
1070723	56.30
1070724	56.30
1070725	54.70
1070726	55.10
1070727	55.40
1070730	55.70
1070731	55.60
1070801	55.50
1070802	55.60
1070803	56.30
1070806	57.10
1070807	58.30
1070808	58.50
1070809	58.40
1070810	57.80
1070813	56.90
1070814	57.00
1070815	56.60
1070816	55.80
1070817	56.50
1070820	56.60
1070821	57.10
1070822	57.10
1070823	57.20
1070824	57.00
1070827	57.00
1070828	57.00
1070829	56.50
1070830	57.00
1070831	57.00
1070903	56.80
1070904	56.80
1070905	57.00
1070906	57.00
1070907	56.60
1070910	55.50
1070911	55.40
1070912	55.30
1070913	55.40
1070914	55.50
1070917	55.10
1070918	55.20
1070919	55.40
1070920	55.20
1070921	55.30
1070925	55.00
1070926	55.10
1070927	55.40
1070928	55.30
1071001	55.10
1071002	55.00
1071003	55.40
1071004	55.30
1071005	54.80
1071008	54.90
1071009	54.50
1071011	52.10
1071012	51.70
1071015	51.70
1071016	51.70
1071017	51.90
1071018	51.90
1071019	51.80
1071022	51.80
1071023	51.70
1071024	51.70
1071025	51.00
1071026	50.20
1071029	50.20
1071030	49.80
1071031	50.00
1071101	50.20
1071102	50.40
1071105	50.30
1071106	50.20
1071107	50.80
1071108	51.00
1071109	50.80
1071112	50.30
1071113	50.10
1071114	50.10
1071115	50.30
1071116	50.10
1071119	50.30
1071120	50.40
1071121	50.20
1071122	50.30
1071123	50.20
1071126	50.40
1071127	50.30
1071128	50.70
1071129	50.70
1071130	50.90
1071203	51.10
1071204	51.10
1071205	50.70
1071206	50.90
1071207	51.00
1071210	50.80
1071211	50.50
1071212	51.00
1071213	51.00
1071214	51.40
1071217	51.20
1071218	51.10
1071219	51.20
1071220	51.10
1071221	50.90
1071222	51.00
1071224	51.40
1071225	51.20
1071226	50.80
1071227	51.10
1071228	51.10
1080102	51.30
1080103	51.20
1080104	51.00
1080107	50.80
1080108	51.10
1080109	51.10
1080110	51.10
1080111	51.30
1080114	51.20
1080115	51.00
1080116	51.80
1080117	51.30
1080118	51.50
1080121	51.00
1080122	51.20
1080123	51.20
1080124	51.30
1080125	51.00
1080128	51.40
1080129	51.90
1080130	51.90
1080211	51.90
1080212	51.90
1080213	51.90
1080214	52.50
1080215	52.70
1080218	52.60
1080219	52.60
1080220	52.60
1080221	51.90
1080222	52.50
1080225	52.40
1080226	52.00
1080227	52.40
1080304	52.90
1080305	53.00
1080306	53.30
1080307	53.70
1080308	53.60
1080311	53.10
1080312	53.30
1080313	53.20
1080314	53.00
1080315	53.00
1080318	53.00
1080319	52.70
1080320	52.90
1080321	52.90
1080322	52.90
1080325	52.20
1080326	51.70
1080327	51.90
1080328	51.80
1080329	51.70
1080401	51.70
1080402	51.80
1080403	51.70
1080408	51.80
1080409	51.80
1080410	51.80
1080411	51.80
1080412	51.80
1080415	51.50
1080416	51.30
1080417	51.60
1080418	51.80
1080419	52.00
1080422	52.20
1080423	51.90
1080424	52.20
1080425	52.20
1080426	52.30
1080429	52.30
1080430	52.60
1080502	52.70
1080503	52.40
1080506	52.50
1080507	52.60
1080508	53.00
1080509	52.80
1080510	52.90
1080513	52.80
1080514	52.90
1080515	53.40
1080516	53.50
1080517	54.50
1080520	55.00
1080521	55.70
1080522	55.30
1080523	54.50
1080524	54.50
1080527	55.10
1080528	55.00
1080529	54.40
1080530	54.40
1080531	54.60
1080603	54.40
1080604	54.30
1080605	54.30
1080606	54.20
1080610	54.40
1080611	54.60
1080612	54.40
1080613	54.50
1080614	54.40
1080617	54.40
1080618	54.50
1080619	54.90
1080620	55.20
1080621	55.20
1080624	52.20
1080625	52.10
1080626	52.60
1080627	52.80
1080628	52.60
