1070102	96.00
1070103	96.00
1070104	95.60
1070105	96.20
1070108	96.20
1070109	95.80
1070110	94.10
1070111	94.50
1070112	95.60
1070115	96.00
1070116	95.60
1070117	95.60
1070118	95.20
1070119	94.80
1070122	94.10
1070123	93.70
1070124	94.00
1070125	94.00
1070126	93.80
1070129	93.70
1070130	93.10
1070131	92.70
1070201	92.90
1070202	92.80
1070205	92.30
1070206	85.10
1070207	87.60
1070208	85.90
1070209	85.20
1070212	84.20
1070221	86.20
1070222	86.00
1070223	85.90
1070226	87.60
1070227	87.90
1070301	87.60
1070302	86.60
1070305	84.50
1070306	84.50
1070307	84.90
1070308	86.00
1070309	85.40
1070312	85.90
1070313	86.70
1070314	86.50
1070315	86.50
1070316	85.60
1070319	86.30
1070320	86.50
1070321	86.30
1070322	86.00
1070323	85.40
1070326	85.40
1070327	86.20
1070328	85.80
1070329	86.10
1070330	87.40
1070331	88.50
1070402	87.80
1070403	87.00
1070409	86.20
1070410	86.40
1070411	86.00
1070412	86.00
1070413	85.80
1070416	85.30
1070417	85.00
1070418	84.50
1070419	84.40
1070420	83.90
1070423	83.60
1070424	81.70
1070425	82.00
1070426	80.30
1070427	81.00
1070430	81.40
1070502	81.70
1070503	81.80
1070504	81.80
1070507	80.70
1070508	80.80
1070509	80.80
1070510	80.90
1070511	81.20
1070514	81.30
1070515	81.50
1070516	81.20
1070517	80.80
1070518	80.80
1070521	80.80
1070522	81.00
1070523	81.00
1070524	80.80
1070525	81.20
1070528	82.20
1070529	83.80
1070530	83.80
1070531	83.30
1070601	83.00
1070604	82.90
1070605	83.40
1070606	83.00
1070607	83.50
1070608	85.70
1070611	84.50
1070612	83.10
1070613	83.60
1070614	83.00
1070615	83.20
1070619	82.90
1070620	82.40
1070621	81.70
1070622	82.00
1070625	81.50
1070626	81.00
1070627	80.90
1070628	81.00
1070629	80.90
1070702	80.80
1070703	80.60
1070704	80.60
1070705	78.50
1070706	78.50
1070709	80.60
1070710	80.30
1070711	80.10
1070712	80.80
1070713	81.20
1070716	81.00
1070717	76.20
1070718	77.90
1070719	77.70
1070720	77.00
1070723	76.30
1070724	75.80
1070725	75.80
1070726	76.00
1070727	76.50
1070730	76.40
1070731	76.30
1070801	76.80
1070802	77.50
1070803	77.80
1070806	76.20
1070807	77.00
1070808	76.90
1070809	77.00
1070810	76.10
1070813	73.90
1070814	73.20
1070815	72.30
1070816	71.00
1070817	71.80
1070820	72.90
1070821	73.60
1070822	73.70
1070823	78.50
1070824	78.90
1070827	79.10
1070828	80.40
1070829	80.60
1070830	80.00
1070831	79.80
1070903	84.00
1070904	83.80
1070905	84.60
1070906	84.00
1070907	84.00
1070910	82.20
1070911	82.70
1070912	84.00
1070913	84.00
1070914	84.00
1070917	84.40
1070918	85.10
1070919	90.70
1070920	90.40
1070921	91.00
1070925	92.40
1070926	93.90
1070927	93.40
1070928	91.60
1071001	92.70
1071002	91.60
1071003	87.70
1071004	89.00
1071005	89.10
1071008	88.50
1071009	84.60
1071011	77.70
1071012	80.90
1071015	81.00
1071016	83.00
1071017	87.00
1071018	89.80
1071019	92.30
1071022	95.00
1071023	96.00
1071024	94.80
1071025	93.50
1071026	86.50
1071029	88.50
1071030	90.00
1071031	96.20
1071101	95.80
1071102	96.20
1071105	93.80
1071106	94.00
1071107	93.70
1071108	94.00
1071109	95.00
1071112	91.60
1071113	91.50
1071114	90.10
1071115	88.40
1071116	89.00
1071119	91.00
1071120	100.00
1071121	100.00
1071122	96.00
1071123	94.00
1071126	103.00
1071127	101.50
1071128	107.50
1071129	107.00
1071130	106.00
1071203	104.00
1071204	104.50
1071205	99.50
1071206	94.70
1071207	97.20
1071210	93.50
1071211	94.90
1071212	98.00
1071213	96.00
1071214	95.80
1071217	94.20
1071218	94.10
1071219	93.00
1071220	90.10
1071221	92.60
1071222	94.80
1071224	96.10
1071225	93.60
1071226	94.30
1071227	94.10
1071228	94.20
1080102	92.60
1080103	91.70
1080104	92.90
1080107	96.00
1080108	95.50
1080109	96.70
1080110	96.00
1080111	96.00
1080114	101.50
1080115	103.00
1080116	101.50
1080117	103.50
1080118	103.00
1080121	102.50
1080122	100.00
1080123	100.00
1080124	100.50
1080125	101.00
1080128	100.50
1080129	101.00
1080130	101.00
1080211	111.00
1080212	115.50
1080213	125.00
1080214	123.00
1080215	120.00
1080218	126.50
1080219	125.50
1080220	124.00
1080221	126.00
1080222	124.00
1080225	120.50
1080226	119.50
1080227	122.00
1080304	121.00
1080305	120.00
1080306	121.50
1080307	121.50
1080308	123.50
1080311	127.00
1080312	125.00
1080313	123.50
1080314	113.00
1080315	118.00
1080318	116.00
1080319	115.50
1080320	115.50
1080321	116.50
1080322	115.50
1080325	117.00
1080326	119.50
1080327	122.00
1080328	120.00
1080329	121.00
1080401	120.00
1080402	122.00
1080403	121.50
1080408	124.50
1080409	121.00
1080410	120.00
1080411	117.50
1080412	115.00
1080415	118.50
1080416	118.50
1080417	118.50
1080418	115.00
1080419	112.00
1080422	117.50
1080423	116.00
1080424	115.00
1080425	114.00
1080426	112.00
1080429	112.50
1080430	112.50
1080502	111.50
1080503	113.50
1080506	117.50
1080507	116.00
1080508	117.00
1080509	113.00
1080510	112.50
1080513	111.50
1080514	114.00
1080515	116.00
1080516	110.50
1080517	113.00
1080520	113.00
1080521	119.00
1080522	129.00
1080523	128.50
1080524	128.00
1080527	132.00
1080528	126.00
1080529	129.00
1080530	130.00
1080531	129.00
1080603	130.00
1080604	128.50
1080605	125.50
1080606	126.00
1080610	128.50
1080611	127.50
1080612	126.50
1080613	126.00
1080614	125.50
1080617	121.50
1080618	120.50
1080619	122.50
1080620	123.50
1080621	121.00
1080624	124.00
1080625	122.50
1080626	124.50
1080627	124.50
1080628	123.50
