1070102	9.85
1070103	9.81
1070104	9.60
1070105	9.25
1070108	9.37
1070109	9.41
1070110	9.23
1070111	9.24
1070112	9.37
1070115	9.47
1070116	9.37
1070117	10.30
1070118	9.62
1070119	9.46
1070122	9.32
1070123	9.26
1070124	9.30
1070125	9.35
1070126	9.38
1070129	9.32
1070130	9.30
1070131	9.28
1070201	9.33
1070202	9.34
1070205	9.30
1070206	8.76
1070207	8.93
1070208	8.99
1070209	8.81
1070212	8.90
1070221	9.01
1070222	9.09
1070223	8.92
1070226	9.51
1070227	9.33
1070301	9.55
1070302	9.60
1070305	9.42
1070306	9.50
1070307	9.48
1070308	9.68
1070309	9.52
1070312	9.88
1070313	9.84
1070314	10.15
1070315	9.84
1070316	9.95
1070319	9.97
1070320	9.91
1070321	9.89
1070322	9.86
1070323	9.84
1070326	9.87
1070327	9.90
1070328	9.92
1070329	9.89
1070330	9.65
1070331	9.50
1070402	9.40
1070403	9.43
1070409	9.40
1070410	9.27
1070411	9.32
1070412	9.21
1070413	9.22
1070416	9.22
1070417	9.22
1070418	9.30
1070419	9.42
1070420	9.43
1070423	9.40
1070424	9.36
1070425	9.34
1070426	9.33
1070427	9.37
1070430	9.30
1070502	9.25
1070503	9.25
1070504	9.25
1070507	9.05
1070508	9.16
1070509	9.10
1070510	9.17
1070511	9.22
1070514	9.21
1070515	9.15
1070516	9.05
1070517	9.13
1070518	9.20
1070521	9.19
1070522	9.26
1070523	9.20
1070524	9.24
1070525	9.25
1070528	9.27
1070529	9.36
1070530	9.37
1070531	9.41
1070601	9.51
1070604	9.50
1070605	9.59
1070606	9.80
1070607	9.60
1070608	9.86
1070611	9.99
1070612	9.85
1070613	9.83
1070614	9.78
1070615	9.92
1070619	9.88
1070620	9.94
1070621	9.86
1070622	10.05
1070625	10.55
1070626	10.50
1070627	11.55
1070628	12.70
1070629	11.45
1070702	10.60
1070703	10.65
1070704	10.10
1070705	9.67
1070706	9.32
1070709	9.38
1070710	9.41
1070711	9.15
1070712	9.29
1070713	9.42
1070716	9.38
1070717	9.33
1070718	9.39
1070719	9.32
1070720	9.32
1070723	9.20
1070724	9.21
1070725	9.24
1070726	9.23
1070727	9.20
1070730	9.16
1070731	9.10
1070801	9.08
1070802	9.09
1070803	9.08
1070806	9.17
1070807	9.18
1070808	9.17
1070809	9.16
1070810	9.23
1070813	9.10
1070814	9.20
1070815	9.13
1070816	9.03
1070817	9.10
1070820	9.11
1070821	9.01
1070822	8.99
1070823	9.05
1070824	8.90
1070827	9.01
1070828	9.05
1070829	9.05
1070830	9.04
1070831	9.02
1070903	9.00
1070904	9.03
1070905	9.02
1070906	9.09
1070907	9.06
1070910	8.92
1070911	9.00
1070912	9.00
1070913	8.99
1070914	9.00
1070917	9.00
1070918	9.00
1070919	9.00
1070920	9.00
1070921	9.06
1070925	8.98
1070926	9.14
1070927	9.11
1070928	9.00
1071001	9.06
1071002	9.08
1071003	9.00
1071004	8.99
1071005	8.86
1071008	8.96
1071009	8.95
1071011	8.06
1071012	8.20
1071015	8.19
1071016	8.13
1071017	8.05
1071018	8.13
1071019	8.00
1071022	7.92
1071023	7.87
1071024	7.99
1071025	7.77
1071026	7.73
1071029	7.79
1071030	7.82
1071031	7.90
1071101	7.88
1071102	7.91
1071105	8.00
1071106	8.05
1071107	7.99
1071108	7.98
1071109	--
1071112	7.97
1071113	7.94
1071114	7.95
1071115	8.04
1071116	8.35
1071119	8.35
1071120	8.27
1071121	8.24
1071122	8.17
1071123	8.10
1071126	8.04
1071127	8.15
1071128	8.20
1071129	8.30
1071130	--
1071203	8.20
1071204	8.21
1071205	8.28
1071206	8.08
1071207	8.13
1071210	8.10
1071211	8.09
1071212	8.09
1071213	8.07
1071214	8.09
1071217	8.46
1071218	8.02
1071219	8.05
1071220	8.05
1071221	8.15
1071222	--
1071224	8.15
1071225	8.08
1071226	8.09
1071227	8.11
1071228	8.14
1080102	8.12
1080103	8.05
1080104	8.06
1080107	8.17
1080108	8.26
1080109	--
1080110	8.02
1080111	8.04
1080114	8.02
1080115	8.10
1080116	8.12
1080117	8.20
1080118	8.13
1080121	8.23
1080122	8.10
1080123	8.20
1080124	8.20
1080125	8.20
1080128	8.12
1080129	8.22
1080130	8.09
1080211	8.19
1080212	8.08
1080213	8.04
1080214	8.15
1080215	8.15
1080218	8.11
1080219	8.09
1080220	8.09
1080221	8.25
1080222	8.25
1080225	8.23
1080226	8.16
1080227	8.26
1080304	8.34
1080305	8.38
1080306	8.38
1080307	8.34
1080308	8.38
1080311	8.35
1080312	8.30
1080313	8.28
1080314	8.35
1080315	8.50
1080318	8.37
1080319	8.39
1080320	8.40
1080321	8.48
1080322	8.53
1080325	8.42
1080326	8.49
1080327	8.49
1080328	8.58
1080329	8.59
1080401	8.70
1080402	8.85
1080403	9.00
1080408	9.09
1080409	8.80
1080410	8.75
1080411	8.96
1080412	8.90
1080415	8.90
1080416	8.97
1080417	8.96
1080418	8.90
1080419	8.74
1080422	8.90
1080423	8.99
1080424	8.94
1080425	8.95
1080426	8.81
1080429	8.82
1080430	8.92
1080502	8.94
1080503	9.14
1080506	8.98
1080507	8.88
1080508	8.79
1080509	8.87
1080510	9.09
1080513	8.88
1080514	8.79
1080515	8.80
1080516	8.81
1080517	8.81
1080520	8.88
1080521	8.86
1080522	8.82
1080523	8.73
1080524	8.70
1080527	8.69
1080528	8.65
1080529	8.68
1080530	8.67
1080531	8.71
1080603	8.65
1080604	8.69
1080605	8.70
1080606	8.68
1080610	8.89
1080611	8.87
1080612	8.82
1080613	8.89
1080614	8.96
1080617	8.95
1080618	8.99
1080619	8.99
1080620	8.83
1080621	8.85
1080624	8.89
1080625	8.87
1080626	8.84
1080627	8.87
1080628	8.88
1080701	8.94
1080702	8.95
1080703	8.94
1080704	8.87
1080705	8.87
