1070102	11.15
1070103	11.20
1070104	11.40
1070105	11.20
1070108	11.40
1070109	11.10
1070110	10.80
1070111	10.75
1070112	10.85
1070115	10.90
1070116	11.20
1070117	11.10
1070118	11.00
1070119	12.10
1070122	12.05
1070123	11.80
1070124	11.75
1070125	11.75
1070126	11.55
1070129	11.30
1070130	11.40
1070131	11.25
1070201	11.35
1070202	11.30
1070205	10.95
1070206	9.97
1070207	10.05
1070208	10.00
1070209	9.50
1070212	9.83
1070221	10.10
1070222	10.30
1070223	10.45
1070226	10.45
1070227	10.70
1070301	10.70
1070302	10.50
1070305	10.30
1070306	10.50
1070307	10.40
1070308	10.75
1070309	10.60
1070312	10.40
1070313	10.35
1070314	10.40
1070315	10.85
1070316	10.80
1070319	10.90
1070320	10.85
1070321	10.75
1070322	10.55
1070323	10.35
1070326	10.35
1070327	10.25
1070328	10.65
1070329	10.65
1070330	10.40
1070331	10.30
1070402	10.25
1070403	10.25
1070409	10.10
1070410	9.99
1070411	10.05
1070412	10.00
1070413	10.25
1070416	10.00
1070417	10.10
1070418	10.15
1070419	10.10
1070420	10.00
1070423	9.93
1070424	9.70
1070425	9.80
1070426	9.60
1070427	9.70
1070430	10.00
1070502	9.99
1070503	9.90
1070504	9.85
1070507	9.86
1070508	9.76
1070509	9.77
1070510	9.88
1070511	9.77
1070514	9.77
1070515	9.72
1070516	9.65
1070517	9.61
1070518	9.65
1070521	9.67
1070522	9.62
1070523	9.58
1070524	9.62
1070525	9.67
1070528	9.67
1070529	9.64
1070530	9.87
1070531	9.94
1070601	9.98
1070604	10.00
1070605	9.95
1070606	10.10
1070607	10.15
1070608	10.25
1070611	10.15
1070612	10.40
1070613	10.20
1070614	10.10
1070615	10.05
1070619	9.91
1070620	9.82
1070621	9.80
1070622	9.76
1070625	9.75
1070626	9.66
1070627	9.70
1070628	9.67
1070629	9.63
1070702	9.60
1070703	9.60
1070704	9.56
1070705	9.26
1070706	9.17
1070709	8.94
1070710	9.02
1070711	8.94
1070712	8.85
1070713	8.87
1070716	8.85
1070717	8.79
1070718	8.76
1070719	8.81
1070720	8.57
1070723	8.35
1070724	8.95
1070725	9.00
1070726	8.95
1070727	8.88
1070730	8.85
1070731	8.84
1070801	8.69
1070802	8.95
1070803	8.91
1070806	8.70
1070807	8.72
1070808	8.71
1070809	8.75
1070810	8.62
1070813	8.26
1070814	8.65
1070815	8.36
1070816	8.48
1070817	8.50
1070820	8.52
1070821	8.53
1070822	8.54
1070823	8.43
1070824	8.42
1070827	8.43
1070828	8.38
1070829	8.37
1070830	8.30
1070831	8.30
1070903	8.34
1070904	8.41
1070905	8.41
1070906	8.39
1070907	8.15
1070910	7.34
1070911	6.95
1070912	6.85
1070913	7.35
1070914	7.52
1070917	7.60
1070918	7.45
1070919	7.56
1070920	7.60
1070921	7.55
1070925	7.23
1070926	7.16
1070927	6.95
1070928	7.31
1071001	7.31
1071002	7.17
1071003	6.96
1071004	7.14
1071005	6.78
1071008	6.78
1071009	6.77
1071011	6.10
1071012	6.10
1071015	6.15
1071016	6.29
1071017	6.70
1071018	6.60
1071019	6.55
1071022	6.67
1071023	6.53
1071024	6.54
1071025	6.31
1071026	6.23
1071029	6.46
1071030	6.64
1071031	6.71
1071101	6.74
1071102	6.61
1071105	6.66
1071106	6.55
1071107	6.64
1071108	6.51
1071109	6.50
1071112	6.45
1071113	6.38
1071114	6.36
1071115	6.34
1071116	6.25
1071119	6.21
1071120	6.25
1071121	6.35
1071122	6.37
1071123	6.41
1071126	6.42
1071127	6.53
1071128	6.59
1071129	6.56
1071130	6.70
1071203	6.73
1071204	6.77
1071205	6.73
1071206	6.65
1071207	6.75
1071210	6.67
1071211	7.16
1071212	7.40
1071213	7.40
1071214	7.42
1071217	7.46
1071218	7.43
1071219	7.41
1071220	7.33
1071221	7.33
1071222	7.33
1071224	7.26
1071225	7.69
1071226	7.70
1071227	7.72
1071228	7.79
1080102	7.79
1080103	7.79
1080104	7.76
1080107	7.66
1080108	7.61
1080109	7.58
1080110	7.09
1080111	6.92
1080114	6.50
1080115	6.64
1080116	6.56
1080117	6.31
1080118	6.41
1080121	6.37
1080122	6.39
1080123	6.34
1080124	6.60
1080125	6.55
1080128	6.54
1080129	6.58
1080130	6.56
1080211	6.30
1080212	6.35
1080213	6.34
1080214	6.28
1080215	6.27
1080218	6.23
1080219	6.25
1080220	6.10
1080221	6.19
1080222	6.31
1080225	6.35
1080226	6.20
1080227	6.06
1080304	5.99
1080305	6.01
1080306	5.99
1080307	5.88
1080308	5.87
1080311	6.02
1080312	6.03
1080313	6.03
1080314	6.00
1080315	6.03
1080318	6.00
1080319	5.99
1080320	5.90
1080321	5.88
1080322	5.85
1080325	5.76
1080326	5.64
1080327	5.58
1080328	5.68
1080329	5.60
1080401	5.61
1080402	5.50
1080403	5.57
1080408	5.51
1080409	5.54
1080410	5.63
1080411	5.60
1080412	5.60
1080415	5.56
1080416	5.53
1080417	5.50
1080418	5.46
1080419	5.42
1080422	5.36
1080423	5.26
1080424	5.13
1080425	5.10
1080426	5.02
1080429	4.87
1080430	4.59
1080502	4.49
1080503	4.93
1080506	5.42
1080507	5.16
1080508	5.04
1080509	5.07
1080510	5.05
1080513	4.95
1080514	4.98
1080515	5.00
1080516	4.71
1080517	4.45
1080520	4.54
1080521	4.49
1080522	4.55
1080523	4.41
1080524	4.43
1080527	4.38
1080528	4.30
1080529	4.32
1080530	4.23
1080531	4.15
1080603	4.17
1080604	4.14
1080605	4.17
1080606	4.15
1080610	4.20
1080611	4.25
1080612	4.18
1080613	4.21
1080614	4.16
1080617	4.24
1080618	4.17
1080619	4.15
1080620	4.13
1080621	4.54
1080624	4.35
1080625	4.35
1080626	4.72
1080627	4.63
1080628	4.65
