1070102	54.00
1070103	54.70
1070104	55.70
1070105	55.70
1070108	56.00
1070109	57.00
1070110	54.50
1070111	51.90
1070112	52.70
1070115	53.30
1070116	53.00
1070117	53.10
1070118	53.10
1070119	53.80
1070122	55.60
1070123	54.50
1070124	52.30
1070125	48.40
1070126	49.00
1070129	49.10
1070130	48.60
1070131	48.55
1070201	47.65
1070202	45.10
1070205	43.20
1070206	39.30
1070207	37.85
1070208	39.10
1070209	39.60
1070212	38.65
1070221	40.05
1070222	39.40
1070223	40.05
1070226	39.90
1070227	43.85
1070301	48.20
1070302	47.00
1070305	47.85
1070306	47.50
1070307	45.30
1070308	46.00
1070309	45.35
1070312	45.35
1070313	45.50
1070314	45.65
1070315	45.55
1070316	45.40
1070319	45.45
1070320	49.95
1070321	48.50
1070322	48.45
1070323	45.90
1070326	46.25
1070327	48.20
1070328	49.20
1070329	48.30
1070330	48.40
1070331	50.00
1070402	50.50
1070403	49.20
1070409	48.60
1070410	47.75
1070411	46.45
1070412	46.10
1070413	46.10
1070416	45.75
1070417	46.85
1070418	46.40
1070419	46.60
1070420	46.35
1070423	43.35
1070424	42.65
1070425	43.40
1070426	40.90
1070427	42.50
1070430	45.50
1070502	45.10
1070503	44.60
1070504	48.00
1070507	50.90
1070508	50.00
1070509	48.60
1070510	48.05
1070511	48.15
1070514	50.30
1070515	49.10
1070516	48.20
1070517	48.30
1070518	47.35
1070521	50.00
1070522	48.50
1070523	53.20
1070524	56.50
1070525	58.60
1070528	62.30
1070529	62.00
1070530	63.60
1070531	62.20
1070601	64.00
1070604	63.00
1070605	59.00
1070606	60.30
1070607	60.70
1070608	58.00
1070611	63.00
1070612	65.10
1070613	63.80
1070614	62.50
1070615	63.40
1070619	63.10
1070620	60.60
1070621	65.80
1070622	63.00
1070625	66.80
1070626	66.10
1070627	72.70
1070628	70.90
1070629	72.10
1070702	70.50
1070703	65.90
1070704	68.20
1070705	66.50
1070706	67.40
1070709	65.30
1070710	64.50
1070711	64.70
1070712	63.70
1070713	64.20
1070716	64.10
1070717	62.30
1070718	59.30
1070719	60.10
1070720	60.40
1070723	59.50
1070724	60.70
1070725	60.80
1070726	60.80
1070727	61.60
1070730	62.00
1070731	60.90
1070801	61.20
1070802	58.20
1070803	56.50
1070806	56.90
1070807	55.60
1070808	55.20
1070809	58.20
1070810	55.50
1070813	50.50
1070814	50.90
1070815	49.90
1070816	51.30
1070817	49.30
1070820	48.00
1070821	49.25
1070822	47.45
1070823	47.50
1070824	47.60
1070827	49.20
1070828	48.10
1070829	49.45
1070830	48.60
1070831	48.95
1070903	48.45
1070904	48.60
1070905	47.50
1070906	44.90
1070907	40.70
1070910	40.85
1070911	41.60
1070912	41.30
1070913	40.30
1070914	43.30
1070917	42.30
1070918	41.35
1070919	41.35
1070920	38.00
1070921	40.90
1070925	40.95
1070926	40.55
1070927	40.00
1070928	40.25
1071001	40.90
1071002	40.15
1071003	40.00
1071004	38.30
1071005	34.55
1071008	32.80
1071009	31.00
1071011	27.90
1071012	29.25
1071015	32.15
1071016	32.45
1071017	31.65
1071018	31.50
1071019	31.55
1071022	31.80
1071023	31.30
1071024	30.30
1071025	28.75
1071026	27.45
1071029	26.90
1071030	26.50
1071031	28.20
1071101	30.30
1071102	30.50
1071105	31.40
1071106	30.25
1071107	30.95
1071108	30.25
1071109	28.30
1071112	28.30
1071113	28.90
1071114	28.45
1071115	31.25
1071116	31.80
1071119	33.95
1071120	33.70
1071121	34.30
1071122	32.35
1071123	31.65
1071126	32.80
1071127	33.70
1071128	33.75
1071129	33.70
1071130	33.20
1071203	35.00
1071204	35.40
1071205	33.60
1071206	31.15
1071207	31.40
1071210	30.25
1071211	30.70
1071212	31.40
1071213	33.70
1071214	32.50
1071217	32.20
1071218	31.40
1071219	30.60
1071220	29.65
1071221	29.95
1071222	29.60
1071224	29.60
1071225	29.25
1071226	29.00
1071227	29.20
1071228	29.10
1080102	29.20
1080103	29.10
1080104	28.60
1080107	29.30
1080108	29.35
1080109	29.75
1080110	29.40
1080111	29.30
1080114	29.00
1080115	29.40
1080116	29.05
1080117	31.95
1080118	33.50
1080121	33.50
1080122	32.60
1080123	33.10
1080124	32.45
1080125	32.35
1080128	32.35
1080129	31.30
1080130	31.05
1080211	30.70
1080212	30.90
1080213	33.35
1080214	33.00
1080215	32.35
1080218	32.40
1080219	32.65
1080220	34.20
1080221	34.00
1080222	33.60
1080225	34.55
1080226	35.30
1080227	34.40
1080304	34.00
1080305	33.35
1080306	34.30
1080307	33.05
1080308	33.35
1080311	33.40
1080312	33.20
1080313	32.65
1080314	32.35
1080315	33.00
1080318	35.80
1080319	35.00
1080320	34.65
1080321	34.95
1080322	34.40
1080325	33.50
1080326	36.85
1080327	38.40
1080328	37.10
1080329	37.05
1080401	36.00
1080402	37.00
1080403	38.40
1080408	37.85
1080409	37.95
1080410	38.45
1080411	37.25
1080412	37.70
1080415	38.40
1080416	40.20
1080417	41.15
1080418	38.90
1080419	38.30
1080422	38.30
1080423	39.55
1080424	39.15
1080425	39.80
1080426	39.75
1080429	36.35
1080430	37.20
1080502	37.45
1080503	38.20
1080506	36.80
1080507	36.65
1080508	36.60
1080509	34.80
1080510	34.40
1080513	33.70
1080514	33.90
1080515	34.15
1080516	33.70
1080517	32.75
1080520	31.95
1080521	31.55
1080522	31.20
1080523	31.20
1080524	30.65
1080527	30.50
1080528	30.35
1080529	30.30
1080530	30.30
1080531	31.50
1080603	30.60
1080604	30.60
1080605	30.40
1080606	30.05
1080610	30.25
1080611	30.80
1080612	30.80
1080613	31.95
1080614	31.60
1080617	31.40
1080618	31.30
1080619	31.85
1080620	31.70
1080621	32.40
1080624	33.50
1080625	32.75
1080626	32.65
1080627	33.50
1080628	33.35
1080701	33.70
1080702	33.90
1080703	33.30
1080704	33.20
1080705	33.40
