1070102	33.30
1070103	33.20
1070104	33.15
1070105	32.70
1070108	31.20
1070109	31.00
1070110	31.35
1070111	31.10
1070112	31.30
1070115	30.95
1070116	31.30
1070117	34.40
1070118	34.25
1070119	33.55
1070122	33.60
1070123	32.90
1070124	33.70
1070125	32.70
1070126	33.30
1070129	33.40
1070130	32.80
1070131	33.20
1070201	33.30
1070202	33.15
1070205	32.00
1070206	28.90
1070207	28.90
1070208	28.45
1070209	26.50
1070212	27.90
1070221	29.30
1070222	29.70
1070223	30.60
1070226	31.05
1070227	31.30
1070301	30.95
1070302	30.50
1070305	30.10
1070306	31.15
1070307	30.50
1070308	30.70
1070309	29.85
1070312	29.50
1070313	29.90
1070314	29.70
1070315	29.60
1070316	29.85
1070319	29.50
1070320	29.60
1070321	29.25
1070322	29.05
1070323	28.65
1070326	28.90
1070327	29.00
1070328	28.20
1070329	28.00
1070330	27.55
1070331	27.40
1070402	30.10
1070403	31.80
1070409	31.35
1070410	29.30
1070411	29.00
1070412	29.80
1070413	29.90
1070416	30.25
1070417	29.40
1070418	29.60
1070419	29.30
1070420	29.15
1070423	29.00
1070424	28.50
1070425	28.95
1070426	28.50
1070427	29.15
1070430	29.05
1070502	29.50
1070503	29.05
1070504	29.00
1070507	29.00
1070508	29.15
1070509	29.30
1070510	29.65
1070511	29.00
1070514	28.20
1070515	27.45
1070516	27.45
1070517	27.00
1070518	27.05
1070521	26.70
1070522	26.70
1070523	27.10
1070524	26.85
1070525	27.10
1070528	26.35
1070529	26.25
1070530	26.05
1070531	25.80
1070601	26.50
1070604	27.05
1070605	27.35
1070606	27.60
1070607	27.30
1070608	26.20
1070611	26.40
1070612	26.20
1070613	26.00
1070614	25.60
1070615	25.00
1070619	23.70
1070620	23.05
1070621	23.50
1070622	23.00
1070625	22.75
1070626	22.75
1070627	22.35
1070628	22.35
1070629	22.65
1070702	22.55
1070703	21.55
1070704	21.80
1070705	21.25
1070706	21.30
1070709	22.90
1070710	22.60
1070711	21.50
1070712	21.60
1070713	22.00
1070716	22.00
1070717	22.10
1070718	23.35
1070719	23.25
1070720	22.60
1070723	22.90
1070724	22.60
1070725	22.65
1070726	22.45
1070727	22.85
1070730	22.60
1070731	23.05
1070801	23.80
1070802	23.10
1070803	23.00
1070806	23.15
1070807	23.30
1070808	23.50
1070809	23.70
1070810	23.50
1070813	23.10
1070814	22.75
1070815	22.05
1070816	21.90
1070817	21.80
1070820	21.80
1070821	22.15
1070822	22.05
1070823	22.40
1070824	22.05
1070827	21.80
1070828	22.10
1070829	22.10
1070830	22.25
1070831	24.45
1070903	26.75
1070904	25.80
1070905	27.15
1070906	26.15
1070907	23.90
1070910	22.30
1070911	23.00
1070912	22.65
1070913	23.00
1070914	23.15
1070917	23.05
1070918	23.40
1070919	23.45
1070920	22.30
1070921	22.60
1070925	22.50
1070926	22.50
1070927	22.15
1070928	21.90
1071001	21.95
1071002	21.95
1071003	22.05
1071004	21.85
1071005	21.10
1071008	20.65
1071009	18.65
1071011	16.80
1071012	16.10
1071015	16.00
1071016	16.10
1071017	16.60
1071018	16.85
1071019	16.85
1071022	17.10
1071023	16.70
1071024	16.90
1071025	16.55
1071026	16.60
1071029	16.55
1071030	16.35
1071031	16.50
1071101	16.85
1071102	16.95
1071105	17.00
1071106	16.70
1071107	16.85
1071108	16.70
1071109	16.65
1071112	16.50
1071113	16.50
1071114	16.70
1071115	16.70
1071116	16.70
1071119	16.65
1071120	16.60
1071121	16.60
1071122	16.65
1071123	16.45
1071126	16.55
1071127	16.65
1071128	17.10
1071129	17.05
1071130	17.30
1071203	17.90
1071204	17.35
1071205	17.10
1071206	16.75
1071207	16.90
1071210	16.40
1071211	16.50
1071212	16.65
1071213	16.65
1071214	16.70
1071217	16.50
1071218	16.25
1071219	16.05
1071220	15.80
1071221	15.85
1071222	15.80
1071224	15.80
1071225	15.85
1071226	15.75
1071227	15.80
1071228	15.65
1080102	15.50
1080103	15.45
1080104	15.00
1080107	15.10
1080108	15.05
1080109	15.00
1080110	15.10
1080111	14.95
1080114	14.90
1080115	15.05
1080116	15.00
1080117	15.05
1080118	15.05
1080121	15.05
1080122	14.90
1080123	15.15
1080124	15.10
1080125	15.40
1080128	15.70
1080129	15.60
1080130	15.55
1080211	15.35
1080212	15.30
1080213	15.35
1080214	15.55
1080215	15.60
1080218	15.55
1080219	15.65
1080220	17.20
1080221	18.50
1080222	18.30
1080225	17.85
1080226	17.40
1080227	17.45
1080304	17.70
1080305	17.55
1080306	17.35
1080307	17.00
1080308	16.85
1080311	17.85
1080312	17.80
1080313	19.55
1080314	19.20
1080315	19.20
1080318	19.00
1080319	18.70
1080320	19.60
1080321	19.40
1080322	19.15
1080325	18.60
1080326	19.15
1080327	19.00
1080328	19.10
1080329	19.05
1080401	18.90
1080402	18.90
1080403	19.00
1080408	18.95
1080409	20.80
1080410	20.65
1080411	21.00
1080412	20.45
1080415	20.40
1080416	20.35
1080417	20.20
1080418	19.90
1080419	19.90
1080422	20.20
1080423	19.95
1080424	20.10
1080425	19.70
1080426	19.35
1080429	18.60
1080430	18.90
1080502	18.90
1080503	18.70
1080506	18.30
1080507	18.45
1080508	17.95
1080509	17.90
1080510	17.65
1080513	17.25
1080514	17.10
1080515	17.40
1080516	17.20
1080517	17.00
1080520	16.95
1080521	17.05
1080522	17.20
1080523	16.95
1080524	17.10
1080527	17.10
1080528	17.00
1080529	16.90
1080530	17.00
1080531	17.10
1080603	16.65
1080604	16.65
1080605	16.85
1080606	16.65
1080610	16.75
1080611	16.75
1080612	16.65
1080613	17.40
1080614	17.65
1080617	17.65
1080618	17.70
1080619	17.90
1080620	18.20
1080621	19.00
1080624	20.50
1080625	21.60
1080626	21.70
1080627	21.65
1080628	21.70
