1070102	30.60
1070103	30.40
1070104	30.75
1070105	31.00
1070108	30.80
1070109	30.25
1070110	28.90
1070111	29.80
1070112	30.70
1070115	31.00
1070116	31.65
1070117	31.80
1070118	31.30
1070119	31.60
1070122	31.40
1070123	31.15
1070124	31.20
1070125	31.85
1070126	35.00
1070129	38.50
1070130	37.10
1070131	39.00
1070201	38.00
1070202	35.40
1070205	33.40
1070206	30.10
1070207	29.05
1070208	28.45
1070209	27.45
1070212	27.05
1070221	29.75
1070222	31.45
1070223	33.10
1070226	36.40
1070227	35.70
1070301	36.50
1070302	34.60
1070305	36.10
1070306	37.75
1070307	37.30
1070308	37.40
1070309	36.90
1070312	36.65
1070313	37.45
1070314	36.65
1070315	36.40
1070316	36.00
1070319	36.80
1070320	37.40
1070321	37.05
1070322	35.50
1070323	34.85
1070326	34.80
1070327	35.45
1070328	35.80
1070329	35.90
1070330	34.60
1070331	34.05
1070402	34.50
1070403	34.60
1070409	34.60
1070410	33.65
1070411	34.60
1070412	34.10
1070413	33.75
1070416	32.60
1070417	31.30
1070418	31.90
1070419	34.05
1070420	33.35
1070423	32.60
1070424	30.45
1070425	30.85
1070426	29.50
1070427	30.50
1070430	30.90
1070502	30.55
1070503	31.05
1070504	30.55
1070507	33.60
1070508	34.65
1070509	34.90
1070510	36.10
1070511	35.40
1070514	36.95
1070515	36.25
1070516	35.50
1070517	37.10
1070518	37.90
1070521	38.80
1070522	38.10
1070523	39.60
1070524	39.50
1070525	39.15
1070528	41.90
1070529	41.15
1070530	41.00
1070531	40.10
1070601	39.60
1070604	40.50
1070605	40.20
1070606	41.30
1070607	40.30
1070608	40.30
1070611	42.15
1070612	41.80
1070613	40.80
1070614	40.55
1070615	39.10
1070619	39.30
1070620	38.60
1070621	38.75
1070622	38.25
1070625	37.55
1070626	38.90
1070627	38.20
1070628	38.20
1070629	38.85
1070702	39.00
1070703	37.80
1070704	37.05
1070705	36.45
1070706	35.45
1070709	36.00
1070710	35.80
1070711	36.00
1070712	36.20
1070713	38.00
1070716	37.80
1070717	37.95
1070718	38.15
1070719	38.00
1070720	37.20
1070723	37.40
1070724	38.55
1070725	39.60
1070726	39.10
1070727	38.90
1070730	37.90
1070731	38.10
1070801	37.85
1070802	36.85
1070803	36.85
1070806	36.95
1070807	36.85
1070808	36.90
1070809	36.45
1070810	35.80
1070813	33.60
1070814	34.80
1070815	34.80
1070816	34.05
1070817	33.90
1070820	32.40
1070821	32.80
1070822	32.55
1070823	32.40
1070824	32.05
1070827	33.00
1070828	33.05
1070829	32.90
1070830	32.60
1070831	32.25
1070903	31.20
1070904	30.90
1070905	30.85
1070906	30.45
1070907	28.60
1070910	26.65
1070911	28.20
1070912	28.35
1070913	28.55
1070914	30.35
1070917	29.70
1070918	29.40
1070919	29.40
1070920	28.80
1070921	29.20
1070925	29.30
1070926	29.40
1070927	30.10
1070928	30.10
1071001	30.40
1071002	30.05
1071003	29.30
1071004	29.00
1071005	27.90
1071008	28.10
1071009	27.60
1071011	24.85
1071012	24.50
1071015	24.15
1071016	24.25
1071017	24.25
1071018	24.20
1071019	23.45
1071022	23.95
1071023	23.70
1071024	23.55
1071025	21.65
1071026	21.95
1071029	22.10
1071030	22.15
1071031	22.75
1071101	23.30
1071102	23.85
1071105	24.00
1071106	23.65
1071107	24.10
1071108	23.80
1071109	23.25
1071112	23.55
1071113	23.55
1071114	23.75
1071115	23.70
1071116	23.70
1071119	24.20
1071120	23.85
1071121	23.60
1071122	23.80
1071123	23.50
1071126	24.00
1071127	24.60
1071128	27.05
1071129	26.20
1071130	26.40
1071203	27.15
1071204	26.60
1071205	26.35
1071206	24.90
1071207	25.15
1071210	24.40
1071211	24.45
1071212	25.00
1071213	24.90
1071214	25.10
1071217	25.10
1071218	24.55
1071219	24.45
1071220	23.90
1071221	25.50
1071222	25.60
1071224	27.50
1071225	26.35
1071226	25.35
1071227	25.40
1071228	26.40
1080102	26.20
1080103	25.55
1080104	24.85
1080107	26.30
1080108	26.95
1080109	26.30
1080110	26.40
1080111	25.65
1080114	25.35
1080115	25.50
1080116	25.85
1080117	26.55
1080118	26.85
1080121	27.10
1080122	26.45
1080123	27.05
1080124	26.90
1080125	27.10
1080128	27.25
1080129	26.80
1080130	26.50
1080211	26.50
1080212	27.00
1080213	27.25
1080214	27.70
1080215	28.40
1080218	28.45
1080219	29.25
1080220	29.35
1080221	29.45
1080222	29.10
1080225	29.05
1080226	28.45
1080227	28.30
1080304	28.95
1080305	29.45
1080306	29.60
1080307	28.85
1080308	28.90
1080311	29.10
1080312	28.80
1080313	29.10
1080314	28.95
1080315	29.10
1080318	29.30
1080319	29.30
1080320	29.45
1080321	29.25
1080322	30.35
1080325	30.05
1080326	33.05
1080327	32.80
1080328	31.80
1080329	31.40
1080401	30.85
1080402	30.55
1080403	31.20
1080408	31.30
1080409	30.85
1080410	30.80
1080411	31.50
1080412	30.75
1080415	31.90
1080416	31.65
1080417	32.60
1080418	32.10
1080419	32.60
1080422	32.60
1080423	31.80
1080424	31.75
1080425	31.60
1080426	30.35
1080429	29.25
1080430	29.45
1080502	29.60
1080503	29.65
1080506	28.85
1080507	29.10
1080508	29.00
1080509	28.45
1080510	28.15
1080513	27.00
1080514	27.40
1080515	28.10
1080516	27.60
1080517	26.85
1080520	26.55
1080521	27.00
1080522	26.75
1080523	26.25
1080524	26.30
1080527	26.10
1080528	26.55
1080529	27.40
1080530	27.25
1080531	27.45
1080603	27.00
1080604	26.90
1080605	26.85
1080606	26.80
1080610	27.25
1080611	27.30
1080612	27.55
1080613	27.40
1080614	27.40
1080617	27.40
1080618	27.40
1080619	27.85
1080620	28.10
1080621	28.10
1080624	28.20
1080625	27.90
1080626	28.20
1080627	28.60
1080628	28.55
1080701	28.95
1080702	29.05
1080703	28.70
1080704	27.65
1080705	27.85
