1070102	53.00
1070103	53.30
1070104	53.00
1070105	52.50
1070108	52.50
1070109	51.80
1070110	51.20
1070111	51.50
1070112	51.80
1070115	52.00
1070116	52.20
1070117	52.20
1070118	53.90
1070119	53.30
1070122	54.10
1070123	54.10
1070124	53.80
1070125	53.50
1070126	52.90
1070129	53.10
1070130	52.80
1070131	52.70
1070201	53.20
1070202	53.10
1070205	52.20
1070206	49.80
1070207	50.80
1070208	51.00
1070209	50.50
1070212	51.00
1070221	51.50
1070222	51.40
1070223	51.70
1070226	51.80
1070227	51.80
1070301	51.80
1070302	52.00
1070305	51.90
1070306	52.40
1070307	51.60
1070308	52.00
1070309	52.50
1070312	53.10
1070313	53.00
1070314	54.00
1070315	54.50
1070316	54.50
1070319	54.90
1070320	56.80
1070321	56.80
1070322	56.00
1070323	55.00
1070326	55.80
1070327	56.10
1070328	55.50
1070329	55.50
1070330	56.30
1070331	56.00
1070402	55.70
1070403	55.20
1070409	54.60
1070410	54.80
1070411	55.10
1070412	54.90
1070413	55.00
1070416	56.00
1070417	54.90
1070418	55.00
1070419	54.90
1070420	54.90
1070423	54.70
1070424	53.10
1070425	53.30
1070426	52.60
1070427	52.70
1070430	53.00
1070502	53.10
1070503	53.00
1070504	53.00
1070507	53.50
1070508	52.90
1070509	52.90
1070510	53.00
1070511	52.70
1070514	52.80
1070515	52.60
1070516	53.10
1070517	52.90
1070518	52.70
1070521	52.90
1070522	53.10
1070523	53.00
1070524	52.90
1070525	53.10
1070528	53.00
1070529	53.20
1070530	52.90
1070531	54.40
1070601	54.20
1070604	54.40
1070605	54.00
1070606	54.00
1070607	53.70
1070608	53.90
1070611	53.90
1070612	53.70
1070613	54.30
1070614	54.70
1070615	54.50
1070619	53.90
1070620	53.60
1070621	53.60
1070622	53.20
1070625	53.40
1070626	52.80
1070627	52.80
1070628	52.30
1070629	52.70
1070702	52.80
1070703	52.50
1070704	52.20
1070705	51.50
1070706	51.30
1070709	50.50
1070710	50.80
1070711	50.70
1070712	51.30
1070713	52.80
1070716	53.00
1070717	52.50
1070718	53.00
1070719	52.80
1070720	53.00
1070723	53.00
1070724	53.10
1070725	53.20
1070726	53.60
1070727	53.60
1070730	53.20
1070731	53.20
1070801	53.50
1070802	53.50
1070803	53.50
1070806	53.50
1070807	53.30
1070808	53.20
1070809	53.40
1070810	54.10
1070813	52.70
1070814	53.40
1070815	52.90
1070816	53.10
1070817	53.00
1070820	52.90
1070821	52.80
1070822	52.60
1070823	52.20
1070824	52.00
1070827	52.90
1070828	53.20
1070829	53.40
1070830	49.80
1070831	49.95
1070903	50.60
1070904	50.60
1070905	50.80
1070906	50.10
1070907	49.60
1070910	48.70
1070911	48.90
1070912	48.50
1070913	48.60
1070914	49.15
1070917	48.80
1070918	47.90
1070919	47.65
1070920	47.05
1070921	47.25
1070925	47.15
1070926	47.35
1070927	47.50
1070928	48.25
1071001	48.30
1071002	48.25
1071003	48.00
1071004	47.70
1071005	46.30
1071008	46.00
1071009	45.30
1071011	41.25
1071012	41.75
1071015	41.30
1071016	41.80
1071017	41.95
1071018	41.40
1071019	40.25
1071022	40.80
1071023	40.00
1071024	39.90
1071025	38.50
1071026	38.05
1071029	37.75
1071030	37.80
1071031	39.00
1071101	39.40
1071102	39.70
1071105	39.40
1071106	39.10
1071107	39.05
1071108	40.35
1071109	40.40
1071112	40.60
1071113	40.00
1071114	40.30
1071115	40.20
1071116	40.25
1071119	40.35
1071120	39.55
1071121	39.80
1071122	39.80
1071123	39.55
1071126	40.05
1071127	40.95
1071128	40.95
1071129	41.40
1071130	42.00
1071203	42.60
1071204	42.00
1071205	41.50
1071206	40.95
1071207	41.65
1071210	41.65
1071211	41.40
1071212	42.00
1071213	41.60
1071214	41.70
1071217	41.45
1071218	41.05
1071219	41.30
1071220	41.15
1071221	40.40
1071222	39.90
1071224	40.20
1071225	39.95
1071226	39.80
1071227	39.90
1071228	39.65
1080102	39.80
1080103	39.75
1080104	39.35
1080107	39.60
1080108	39.60
1080109	39.85
1080110	40.10
1080111	39.90
1080114	39.60
1080115	40.20
1080116	40.40
1080117	40.60
1080118	40.50
1080121	40.55
1080122	40.25
1080123	40.30
1080124	40.50
1080125	41.20
1080128	40.90
1080129	40.60
1080130	40.95
1080211	41.20
1080212	42.20
1080213	44.90
1080214	45.20
1080215	44.80
1080218	45.00
1080219	45.45
1080220	46.70
1080221	46.55
1080222	46.20
1080225	46.00
1080226	45.10
1080227	44.85
1080304	45.90
1080305	45.90
1080306	46.40
1080307	45.40
1080308	45.35
1080311	46.00
1080312	46.00
1080313	46.30
1080314	47.50
1080315	48.75
1080318	47.95
1080319	48.00
1080320	47.55
1080321	47.80
1080322	47.35
1080325	46.35
1080326	47.00
1080327	46.60
1080328	46.70
1080329	46.85
1080401	46.75
1080402	47.15
1080403	47.20
1080408	47.20
1080409	46.80
1080410	46.70
1080411	46.40
1080412	46.45
1080415	46.45
1080416	46.75
1080417	46.80
1080418	46.60
1080419	46.90
1080422	47.10
1080423	46.95
1080424	46.90
1080425	47.10
1080426	47.05
1080429	46.85
1080430	46.85
1080502	47.15
1080503	48.10
1080506	47.00
1080507	47.70
1080508	47.60
1080509	48.40
1080510	48.75
1080513	48.60
1080514	48.35
1080515	48.90
1080516	48.70
1080517	47.70
1080520	47.30
1080521	47.80
1080522	48.00
1080523	48.30
1080524	48.35
1080527	47.80
1080528	47.70
1080529	47.65
1080530	47.50
1080531	47.85
1080603	47.80
1080604	47.80
1080605	48.20
1080606	48.00
1080610	49.05
1080611	49.20
1080612	48.90
1080613	49.00
1080614	48.90
1080617	48.75
1080618	48.85
1080619	49.10
1080620	49.40
1080621	50.10
1080624	50.70
1080625	50.20
1080626	50.20
1080627	50.20
1080628	50.20
1080701	50.90
1080702	50.90
1080703	50.80
1080704	51.40
1080705	51.70
