1070102	13.95
1070103	13.95
1070104	14.05
1070105	14.10
1070108	14.15
1070109	14.00
1070110	13.80
1070111	13.75
1070112	14.15
1070115	14.25
1070116	14.20
1070117	14.30
1070118	14.15
1070119	14.20
1070122	14.20
1070123	14.20
1070124	14.20
1070125	14.10
1070126	14.05
1070129	13.85
1070130	13.85
1070131	13.90
1070201	13.85
1070202	13.80
1070205	13.60
1070206	12.55
1070207	12.70
1070208	12.50
1070209	12.35
1070212	12.40
1070221	13.60
1070222	13.65
1070223	13.80
1070226	13.50
1070227	13.70
1070301	13.65
1070302	13.40
1070305	13.30
1070306	13.30
1070307	13.15
1070308	13.30
1070309	13.35
1070312	13.40
1070313	13.55
1070314	13.70
1070315	13.70
1070316	13.50
1070319	13.65
1070320	13.45
1070321	13.55
1070322	13.50
1070323	13.00
1070326	12.90
1070327	12.90
1070328	12.70
1070329	12.95
1070330	12.80
1070331	12.75
1070402	12.75
1070403	12.75
1070409	12.65
1070410	12.55
1070411	12.75
1070412	13.15
1070413	13.00
1070416	12.90
1070417	12.75
1070418	12.75
1070419	13.10
1070420	12.95
1070423	12.65
1070424	12.35
1070425	12.35
1070426	12.00
1070427	12.10
1070430	12.35
1070502	12.35
1070503	12.50
1070504	12.35
1070507	12.25
1070508	12.30
1070509	12.10
1070510	12.10
1070511	12.10
1070514	12.15
1070515	11.90
1070516	11.60
1070517	11.60
1070518	11.55
1070521	11.80
1070522	11.60
1070523	11.50
1070524	11.75
1070525	11.65
1070528	11.60
1070529	11.60
1070530	11.40
1070531	11.60
1070601	11.75
1070604	11.60
1070605	11.15
1070606	11.35
1070607	11.25
1070608	11.10
1070611	11.00
1070612	11.05
1070613	11.20
1070614	11.05
1070615	10.90
1070619	10.45
1070620	10.35
1070621	10.30
1070622	10.30
1070625	10.20
1070626	9.63
1070627	9.17
1070628	10.05
1070629	10.10
1070702	9.51
1070703	9.25
1070704	9.22
1070705	10.10
1070706	10.05
1070709	9.73
1070710	9.80
1070711	9.77
1070712	9.83
1070713	9.78
1070716	9.91
1070717	9.75
1070718	9.84
1070719	9.62
1070720	9.45
1070723	9.27
1070724	9.60
1070725	9.43
1070726	9.93
1070727	9.94
1070730	9.84
1070731	10.05
1070801	10.15
1070802	9.89
1070803	9.90
1070806	10.10
1070807	9.99
1070808	9.99
1070809	9.90
1070810	9.90
1070813	9.41
1070814	9.40
1070815	9.47
1070816	9.25
1070817	9.21
1070820	9.00
1070821	8.59
1070822	8.73
1070823	9.03
1070824	8.89
1070827	8.95
1070828	8.91
1070829	8.94
1070830	9.30
1070831	9.85
1070903	9.88
1070904	9.91
1070905	9.85
1070906	9.86
1070907	9.80
1070910	9.15
1070911	9.36
1070912	9.15
1070913	9.38
1070914	9.41
1070917	9.27
1070918	9.62
1070919	10.55
1070920	10.35
1070921	10.50
1070925	10.50
1070926	10.45
1070927	10.25
1070928	10.50
1071001	10.10
1071002	9.72
1071003	9.47
1071004	9.55
1071005	9.20
1071008	9.17
1071009	8.96
1071011	8.07
1071012	8.09
1071015	8.08
1071016	8.12
1071017	8.10
1071018	8.02
1071019	7.88
1071022	7.93
1071023	7.80
1071024	7.67
1071025	6.93
1071026	6.70
1071029	6.73
1071030	6.72
1071031	6.87
1071101	7.07
1071102	7.30
1071105	7.88
1071106	7.82
1071107	8.04
1071108	8.02
1071109	7.86
1071112	7.89
1071113	7.90
1071114	8.05
1071115	7.87
1071116	7.42
1071119	7.72
1071120	7.75
1071121	8.07
1071122	8.03
1071123	8.66
1071126	8.56
1071127	8.65
1071128	8.91
1071129	8.79
1071130	8.79
1071203	8.82
1071204	8.88
1071205	8.65
1071206	8.23
1071207	8.47
1071210	8.33
1071211	8.34
1071212	8.48
1071213	8.58
1071214	8.30
1071217	8.10
1071218	7.78
1071219	7.72
1071220	7.28
1071221	7.66
1071222	7.55
1071224	7.45
1071225	7.25
1071226	7.21
1071227	7.71
1071228	7.83
1080102	7.84
1080103	7.88
1080104	7.81
1080107	7.89
1080108	8.00
1080109	8.10
1080110	8.11
1080111	8.05
1080114	8.30
1080115	8.22
1080116	8.82
1080117	8.62
1080118	8.57
1080121	8.40
1080122	8.30
1080123	8.33
1080124	8.34
1080125	8.33
1080128	8.31
1080129	8.24
1080130	8.22
1080211	8.13
1080212	8.10
1080213	7.99
1080214	8.23
1080215	8.04
1080218	8.05
1080219	8.27
1080220	8.33
1080221	8.37
1080222	8.23
1080225	8.48
1080226	8.70
1080227	8.75
1080304	8.76
1080305	8.92
1080306	8.94
1080307	9.00
1080308	8.93
1080311	9.18
1080312	9.53
1080313	9.68
1080314	9.64
1080315	9.81
1080318	9.52
1080319	9.29
1080320	9.24
1080321	9.04
1080322	9.07
1080325	8.92
1080326	9.26
1080327	9.39
1080328	9.56
1080329	10.00
1080401	9.78
1080402	9.82
1080403	9.86
1080408	10.15
1080409	10.30
1080410	10.65
1080411	10.95
1080412	10.75
1080415	11.20
1080416	10.95
1080417	10.90
1080418	10.65
1080419	10.90
1080422	10.90
1080423	11.00
1080424	10.90
1080425	10.95
1080426	10.90
1080429	10.65
1080430	10.50
1080502	10.60
1080503	10.40
1080506	10.05
1080507	10.95
1080508	10.90
1080509	10.75
1080510	10.60
1080513	10.65
1080514	10.75
1080515	11.50
1080516	11.00
1080517	10.40
1080520	10.15
1080521	10.25
1080522	10.10
1080523	9.57
1080524	9.41
1080527	9.20
1080528	9.16
1080529	9.20
1080530	9.55
1080531	9.54
1080603	9.39
1080604	9.29
1080605	9.45
1080606	9.67
1080610	9.72
1080611	10.15
1080612	10.25
1080613	10.45
1080614	10.10
1080617	10.00
1080618	9.80
1080619	9.88
1080620	9.91
1080621	9.92
1080624	9.78
1080625	9.71
1080626	9.70
1080627	9.96
1080628	9.77
