1070102	21.50
1070103	21.80
1070104	22.60
1070105	22.20
1070108	21.15
1070109	21.40
1070110	20.60
1070111	20.75
1070112	21.35
1070115	21.10
1070116	21.15
1070117	21.20
1070118	20.75
1070119	20.60
1070122	19.40
1070123	19.35
1070124	19.60
1070125	19.25
1070126	18.95
1070129	18.95
1070130	18.40
1070131	18.80
1070201	18.60
1070202	18.55
1070205	18.05
1070206	16.50
1070207	16.55
1070208	16.75
1070209	16.15
1070212	15.70
1070221	16.60
1070222	16.65
1070223	16.95
1070226	17.05
1070227	17.05
1070301	17.05
1070302	16.85
1070305	16.70
1070306	16.85
1070307	17.35
1070308	17.30
1070309	17.20
1070312	17.15
1070313	17.50
1070314	17.55
1070315	17.40
1070316	17.80
1070319	17.65
1070320	17.60
1070321	17.55
1070322	18.05
1070323	19.85
1070326	19.50
1070327	19.20
1070328	19.35
1070329	18.50
1070330	18.05
1070331	18.20
1070402	18.05
1070403	17.75
1070409	17.15
1070410	16.85
1070411	16.80
1070412	17.00
1070413	16.90
1070416	16.85
1070417	16.45
1070418	16.45
1070419	16.60
1070420	16.50
1070423	16.65
1070424	16.00
1070425	16.25
1070426	15.90
1070427	16.05
1070430	16.15
1070502	16.30
1070503	16.35
1070504	16.85
1070507	17.05
1070508	16.90
1070509	16.95
1070510	17.00
1070511	16.95
1070514	17.20
1070515	16.50
1070516	17.00
1070517	16.90
1070518	17.70
1070521	17.50
1070522	17.55
1070523	17.15
1070524	17.30
1070525	17.45
1070528	17.70
1070529	17.60
1070530	17.45
1070531	17.40
1070601	17.70
1070604	18.20
1070605	17.90
1070606	18.05
1070607	18.25
1070608	17.80
1070611	18.10
1070612	17.90
1070613	18.15
1070614	18.00
1070615	18.00
1070619	17.80
1070620	17.80
1070621	17.90
1070622	17.90
1070625	17.90
1070626	17.80
1070627	17.90
1070628	18.10
1070629	18.30
1070702	18.00
1070703	17.40
1070704	17.00
1070705	17.00
1070706	17.00
1070709	17.25
1070710	17.65
1070711	17.65
1070712	17.90
1070713	18.00
1070716	17.85
1070717	17.75
1070718	18.05
1070719	18.15
1070720	18.05
1070723	17.80
1070724	17.80
1070725	18.00
1070726	18.20
1070727	18.20
1070730	18.15
1070731	18.40
1070801	18.45
1070802	18.25
1070803	18.50
1070806	18.50
1070807	18.20
1070808	18.15
1070809	18.15
1070810	18.10
1070813	17.10
1070814	17.30
1070815	17.30
1070816	17.40
1070817	17.55
1070820	17.35
1070821	17.55
1070822	17.65
1070823	17.55
1070824	17.45
1070827	17.50
1070828	17.55
1070829	17.65
1070830	17.65
1070831	17.55
1070903	17.55
1070904	17.45
1070905	17.45
1070906	17.40
1070907	17.15
1070910	17.10
1070911	17.30
1070912	17.20
1070913	17.05
1070914	17.10
1070917	17.15
1070918	17.05
1070919	17.15
1070920	17.15
1070921	17.05
1070925	17.10
1070926	17.20
1070927	17.20
1070928	17.10
1071001	17.20
1071002	17.30
1071003	17.30
1071004	17.10
1071005	16.65
1071008	16.80
1071009	16.65
1071011	15.00
1071012	14.85
1071015	15.55
1071016	15.50
1071017	15.60
1071018	15.60
1071019	15.60
1071022	15.75
1071023	15.45
1071024	15.40
1071025	15.30
1071026	15.15
1071029	14.90
1071030	14.90
1071031	15.25
1071101	15.35
1071102	15.30
1071105	15.30
1071106	15.35
1071107	15.45
1071108	15.50
1071109	15.50
1071112	15.35
1071113	15.25
1071114	15.25
1071115	16.75
1071116	16.55
1071119	16.55
1071120	16.50
1071121	16.50
1071122	16.50
1071123	16.45
1071126	16.55
1071127	16.70
1071128	16.75
1071129	16.65
1071130	16.85
1071203	16.95
1071204	17.45
1071205	17.25
1071206	16.40
1071207	16.55
1071210	16.30
1071211	16.25
1071212	16.55
1071213	16.45
1071214	16.60
1071217	16.45
1071218	16.00
1071219	16.00
1071220	15.60
1071221	15.65
1071222	15.50
1071224	15.65
1071225	15.50
1071226	15.60
1071227	15.85
1071228	15.50
1080102	15.40
1080103	15.45
1080104	15.40
1080107	15.50
1080108	15.35
1080109	15.40
1080110	15.45
1080111	15.50
1080114	15.45
1080115	15.50
1080116	15.70
1080117	15.55
1080118	15.60
1080121	15.65
1080122	15.65
1080123	15.65
1080124	15.45
1080125	15.55
1080128	15.55
1080129	15.40
1080130	15.40
1080211	15.45
1080212	15.60
1080213	15.70
1080214	15.90
1080215	15.85
1080218	16.20
1080219	16.50
1080220	17.10
1080221	17.00
1080222	16.95
1080225	17.15
1080226	17.45
1080227	17.25
1080304	17.35
1080305	17.15
1080306	16.90
1080307	16.80
1080308	16.60
1080311	16.65
1080312	16.70
1080313	17.00
1080314	17.10
1080315	17.05
1080318	17.05
1080319	17.10
1080320	17.25
1080321	17.20
1080322	17.10
1080325	16.75
1080326	16.70
1080327	16.65
1080328	16.50
1080329	16.40
1080401	16.55
1080402	16.65
1080403	17.00
1080408	17.80
1080409	17.80
1080410	17.55
1080411	17.40
1080412	17.50
1080415	17.45
1080416	17.70
1080417	17.65
1080418	17.40
1080419	17.60
1080422	17.90
1080423	17.80
1080424	17.75
1080425	17.70
1080426	17.55
1080429	17.45
1080430	17.45
1080502	17.60
1080503	17.50
1080506	17.00
1080507	17.05
1080508	17.10
1080509	16.75
1080510	16.80
1080513	16.60
1080514	16.80
1080515	16.70
1080516	16.60
1080517	16.45
1080520	16.35
1080521	16.60
1080522	16.70
1080523	16.45
1080524	16.45
1080527	16.60
1080528	16.20
1080529	16.20
1080530	16.40
1080531	16.60
1080603	16.75
1080604	16.65
1080605	16.50
1080606	16.40
1080610	16.45
1080611	16.80
1080612	16.70
1080613	16.80
1080614	16.70
1080617	16.70
1080618	16.70
1080619	16.95
1080620	16.90
1080621	17.05
1080624	17.15
1080625	17.10
1080626	16.95
1080627	17.05
1080628	17.15
