1070102	23.25
1070103	23.20
1070104	23.20
1070105	23.05
1070108	23.10
1070109	22.95
1070110	22.75
1070111	22.40
1070112	22.40
1070115	24.60
1070116	25.10
1070117	24.40
1070118	24.40
1070119	24.60
1070122	24.10
1070123	23.80
1070124	23.70
1070125	23.75
1070126	24.10
1070129	23.80
1070130	23.40
1070131	23.15
1070201	23.20
1070202	23.05
1070205	22.70
1070206	20.65
1070207	21.25
1070208	21.40
1070209	21.05
1070212	21.60
1070221	21.95
1070222	22.40
1070223	22.55
1070226	22.55
1070227	22.35
1070301	22.05
1070302	21.90
1070305	21.85
1070306	21.90
1070307	24.05
1070308	23.20
1070309	23.10
1070312	23.30
1070313	23.45
1070314	24.00
1070315	24.35
1070316	24.60
1070319	24.70
1070320	24.20
1070321	24.10
1070322	23.35
1070323	23.00
1070326	23.80
1070327	23.55
1070328	23.55
1070329	24.50
1070330	24.05
1070331	25.35
1070402	26.50
1070403	25.90
1070409	26.65
1070410	25.15
1070411	25.15
1070412	25.10
1070413	24.85
1070416	24.20
1070417	23.55
1070418	23.65
1070419	23.95
1070420	24.30
1070423	24.75
1070424	23.50
1070425	23.55
1070426	23.25
1070427	23.25
1070430	23.55
1070502	23.70
1070503	23.55
1070504	23.30
1070507	23.25
1070508	23.15
1070509	23.70
1070510	23.70
1070511	23.30
1070514	23.00
1070515	23.00
1070516	23.10
1070517	22.90
1070518	22.90
1070521	22.80
1070522	22.60
1070523	23.00
1070524	22.85
1070525	22.90
1070528	22.70
1070529	22.55
1070530	22.40
1070531	22.80
1070601	23.20
1070604	23.10
1070605	23.05
1070606	23.25
1070607	23.40
1070608	23.70
1070611	23.60
1070612	23.85
1070613	23.60
1070614	23.40
1070615	23.25
1070619	22.90
1070620	22.80
1070621	22.90
1070622	22.70
1070625	22.55
1070626	23.00
1070627	23.00
1070628	22.80
1070629	22.80
1070702	22.80
1070703	22.30
1070704	22.30
1070705	21.60
1070706	21.55
1070709	21.90
1070710	21.85
1070711	21.65
1070712	23.80
1070713	23.80
1070716	23.75
1070717	23.95
1070718	23.45
1070719	23.05
1070720	23.10
1070723	22.75
1070724	23.20
1070725	22.80
1070726	22.90
1070727	22.85
1070730	22.55
1070731	22.65
1070801	22.95
1070802	22.60
1070803	22.80
1070806	23.70
1070807	23.40
1070808	23.55
1070809	23.30
1070810	22.90
1070813	22.20
1070814	22.65
1070815	22.45
1070816	22.50
1070817	22.45
1070820	22.15
1070821	22.15
1070822	22.15
1070823	22.20
1070824	22.15
1070827	22.20
1070828	22.40
1070829	22.20
1070830	22.15
1070831	22.15
1070903	22.00
1070904	22.05
1070905	22.00
1070906	22.00
1070907	22.05
1070910	21.70
1070911	21.95
1070912	22.30
1070913	22.25
1070914	22.25
1070917	22.15
1070918	22.30
1070919	22.25
1070920	22.40
1070921	22.25
1070925	22.20
1070926	22.20
1070927	22.10
1070928	22.05
1071001	22.60
1071002	23.10
1071003	22.80
1071004	22.85
1071005	22.30
1071008	22.30
1071009	22.20
1071011	20.00
1071012	19.55
1071015	19.05
1071016	19.40
1071017	19.30
1071018	19.70
1071019	19.45
1071022	19.50
1071023	19.15
1071024	19.20
1071025	18.05
1071026	17.55
1071029	17.20
1071030	17.55
1071031	17.85
1071101	17.90
1071102	18.05
1071105	17.70
1071106	17.50
1071107	17.65
1071108	18.00
1071109	17.90
1071112	18.10
1071113	18.00
1071114	17.85
1071115	18.00
1071116	17.85
1071119	17.95
1071120	17.95
1071121	18.05
1071122	18.00
1071123	17.95
1071126	17.90
1071127	18.00
1071128	18.05
1071129	18.45
1071130	18.95
1071203	19.05
1071204	19.00
1071205	19.45
1071206	18.65
1071207	18.80
1071210	18.50
1071211	18.50
1071212	18.60
1071213	18.85
1071214	18.80
1071217	19.00
1071218	19.00
1071219	18.85
1071220	18.30
1071221	18.00
1071222	18.00
1071224	18.20
1071225	18.15
1071226	18.20
1071227	18.20
1071228	18.10
1080102	18.00
1080103	18.00
1080104	18.00
1080107	18.00
1080108	19.20
1080109	19.00
1080110	18.50
1080111	18.25
1080114	18.15
1080115	18.20
1080116	18.20
1080117	18.25
1080118	18.20
1080121	18.15
1080122	18.30
1080123	18.40
1080124	18.40
1080125	18.90
1080128	18.60
1080129	18.50
1080130	18.50
1080211	18.40
1080212	18.70
1080213	19.00
1080214	18.85
1080215	20.05
1080218	22.05
1080219	22.80
1080220	22.40
1080221	22.35
1080222	21.50
1080225	21.60
1080226	22.00
1080227	21.60
1080304	21.50
1080305	21.75
1080306	21.65
1080307	22.20
1080308	22.30
1080311	21.90
1080312	23.00
1080313	22.60
1080314	22.20
1080315	22.15
1080318	22.00
1080319	21.90
1080320	21.95
1080321	21.75
1080322	21.65
1080325	21.30
1080326	21.30
1080327	21.20
1080328	21.15
1080329	21.10
1080401	21.20
1080402	21.30
1080403	21.40
1080408	21.50
1080409	21.95
1080410	21.70
1080411	21.50
1080412	21.15
1080415	21.40
1080416	21.85
1080417	21.65
1080418	21.30
1080419	21.30
1080422	21.20
1080423	21.05
1080424	21.00
1080425	20.55
1080426	20.15
1080429	19.90
1080430	20.30
1080502	20.20
1080503	20.15
1080506	20.25
1080507	20.20
1080508	19.95
1080509	19.65
1080510	19.40
1080513	19.50
1080514	19.85
1080515	20.05
1080516	19.70
1080517	19.40
1080520	18.95
1080521	19.15
1080522	19.50
1080523	19.45
1080524	19.45
1080527	19.30
1080528	19.05
1080529	18.90
1080530	19.00
1080531	18.85
1080603	18.60
1080604	18.50
1080605	18.50
1080606	18.60
1080610	18.55
1080611	19.20
1080612	18.90
1080613	18.70
1080614	18.85
1080617	19.05
1080618	18.70
1080619	18.90
1080620	19.00
1080621	18.80
1080624	19.50
1080625	19.60
1080626	19.30
1080627	19.25
1080628	19.40
