1070102	36.45
1070103	36.60
1070104	36.50
1070105	36.45
1070108	36.30
1070109	37.00
1070110	36.65
1070111	36.80
1070112	36.70
1070115	37.55
1070116	38.00
1070117	37.60
1070118	37.40
1070119	37.35
1070122	37.75
1070123	37.65
1070124	37.65
1070125	37.40
1070126	37.40
1070129	37.35
1070130	37.00
1070131	37.15
1070201	37.25
1070202	37.20
1070205	36.85
1070206	33.60
1070207	34.25
1070208	34.20
1070209	32.70
1070212	32.20
1070221	32.70
1070222	33.25
1070223	33.55
1070226	34.00
1070227	34.00
1070301	33.90
1070302	33.60
1070305	33.30
1070306	33.70
1070307	33.70
1070308	34.35
1070309	33.60
1070312	34.00
1070313	33.85
1070314	33.85
1070315	33.95
1070316	34.80
1070319	35.00
1070320	34.90
1070321	35.30
1070322	35.15
1070323	34.60
1070326	35.80
1070327	35.40
1070328	34.80
1070329	35.90
1070330	35.75
1070331	35.75
1070402	35.50
1070403	35.10
1070409	36.50
1070410	35.70
1070411	35.70
1070412	35.55
1070413	35.25
1070416	34.90
1070417	33.65
1070418	33.60
1070419	33.80
1070420	33.75
1070423	34.00
1070424	33.65
1070425	34.05
1070426	33.50
1070427	33.80
1070430	33.90
1070502	33.55
1070503	33.55
1070504	32.70
1070507	33.30
1070508	32.90
1070509	33.05
1070510	33.30
1070511	32.80
1070514	32.60
1070515	32.55
1070516	32.40
1070517	32.40
1070518	32.95
1070521	32.50
1070522	32.80
1070523	32.90
1070524	33.95
1070525	33.70
1070528	33.70
1070529	33.20
1070530	32.65
1070531	33.20
1070601	33.45
1070604	33.70
1070605	33.55
1070606	33.55
1070607	33.50
1070608	33.80
1070611	34.00
1070612	33.90
1070613	33.80
1070614	34.10
1070615	34.00
1070619	33.80
1070620	33.90
1070621	33.95
1070622	34.00
1070625	33.95
1070626	33.85
1070627	33.80
1070628	33.80
1070629	33.90
1070702	33.55
1070703	33.55
1070704	33.50
1070705	33.15
1070706	32.55
1070709	32.70
1070710	33.00
1070711	32.70
1070712	32.45
1070713	32.65
1070716	32.95
1070717	33.00
1070718	33.00
1070719	33.15
1070720	32.80
1070723	32.55
1070724	32.90
1070725	33.20
1070726	33.40
1070727	33.75
1070730	33.75
1070731	34.60
1070801	35.85
1070802	35.30
1070803	35.40
1070806	34.80
1070807	35.90
1070808	35.25
1070809	34.75
1070810	34.25
1070813	32.25
1070814	32.95
1070815	32.30
1070816	32.30
1070817	32.40
1070820	32.15
1070821	32.70
1070822	32.40
1070823	32.35
1070824	32.30
1070827	32.45
1070828	32.45
1070829	32.20
1070830	32.20
1070831	32.50
1070903	32.30
1070904	32.25
1070905	32.40
1070906	32.30
1070907	32.25
1070910	32.00
1070911	32.15
1070912	32.40
1070913	32.80
1070914	33.00
1070917	32.80
1070918	32.75
1070919	32.95
1070920	32.95
1070921	32.80
1070925	32.60
1070926	32.80
1070927	32.75
1070928	33.30
1071001	33.30
1071002	33.30
1071003	33.45
1071004	33.55
1071005	32.90
1071008	31.80
1071009	31.80
1071011	28.65
1071012	28.55
1071015	28.05
1071016	28.50
1071017	28.70
1071018	28.60
1071019	27.85
1071022	28.15
1071023	27.70
1071024	27.65
1071025	26.20
1071026	25.25
1071029	25.60
1071030	25.80
1071031	26.25
1071101	26.55
1071102	26.60
1071105	26.85
1071106	26.70
1071107	27.45
1071108	27.70
1071109	27.70
1071112	27.85
1071113	27.50
1071114	27.50
1071115	27.55
1071116	27.50
1071119	27.95
1071120	27.80
1071121	27.65
1071122	27.75
1071123	27.65
1071126	28.00
1071127	28.00
1071128	27.95
1071129	27.95
1071130	28.25
1071203	28.50
1071204	28.60
1071205	28.55
1071206	27.95
1071207	28.35
1071210	28.40
1071211	28.15
1071212	28.30
1071213	28.25
1071214	28.10
1071217	28.30
1071218	28.00
1071219	28.00
1071220	27.85
1071221	27.70
1071222	--
1071224	27.60
1071225	27.35
1071226	27.40
1071227	27.85
1071228	27.85
1080102	27.65
1080103	28.25
1080104	27.70
1080107	27.95
1080108	30.70
1080109	31.70
1080110	30.70
1080111	30.50
1080114	31.10
1080115	31.10
1080116	30.55
1080117	30.60
1080118	30.95
1080121	30.55
1080122	30.50
1080123	30.70
1080124	31.00
1080125	31.00
1080128	31.50
1080129	31.10
1080130	31.10
1080211	31.05
1080212	31.55
1080213	31.10
1080214	32.00
1080215	32.10
1080218	32.10
1080219	32.05
1080220	31.80
1080221	32.05
1080222	32.35
1080225	32.25
1080226	32.30
1080227	32.10
1080304	32.00
1080305	31.80
1080306	32.00
1080307	31.95
1080308	32.25
1080311	32.30
1080312	32.20
1080313	32.30
1080314	32.50
1080315	35.75
1080318	37.10
1080319	36.35
1080320	37.00
1080321	38.70
1080322	39.00
1080325	38.25
1080326	38.70
1080327	38.90
1080328	38.40
1080329	41.50
1080401	41.50
1080402	41.45
1080403	41.85
1080408	42.90
1080409	42.40
1080410	42.20
1080411	40.65
1080412	39.90
1080415	40.30
1080416	40.10
1080417	39.80
1080418	40.30
1080419	40.50
1080422	41.30
1080423	42.80
1080424	41.30
1080425	41.15
1080426	40.70
1080429	38.45
1080430	38.85
1080502	39.15
1080503	39.15
1080506	38.20
1080507	38.50
1080508	37.75
1080509	36.60
1080510	36.20
1080513	36.00
1080514	35.90
1080515	37.90
1080516	37.60
1080517	37.70
1080520	37.55
1080521	37.65
1080522	38.10
1080523	37.40
1080524	37.45
1080527	36.45
1080528	36.35
1080529	37.35
1080530	37.40
1080531	37.55
1080603	36.55
1080604	36.90
1080605	37.20
1080606	37.30
1080610	37.25
1080611	37.10
1080612	36.80
1080613	36.40
1080614	36.70
1080617	36.80
1080618	36.85
1080619	37.05
1080620	37.20
1080621	37.35
1080624	37.05
1080625	37.30
1080626	38.20
1080627	38.60
1080628	38.55
1080701	38.70
1080702	38.85
1080703	38.90
1080704	39.10
1080705	40.50
