1070102	27.10
1070103	26.65
1070104	26.60
1070105	26.55
1070108	26.70
1070109	26.80
1070110	26.65
1070111	28.05
1070112	27.90
1070115	27.90
1070116	27.75
1070117	27.85
1070118	27.30
1070119	27.70
1070122	27.60
1070123	27.40
1070124	27.25
1070125	27.10
1070126	27.40
1070129	27.30
1070130	27.35
1070131	27.20
1070201	27.10
1070202	26.80
1070205	26.55
1070206	24.70
1070207	24.80
1070208	24.80
1070209	24.15
1070212	23.95
1070221	24.40
1070222	24.70
1070223	25.15
1070226	25.10
1070227	25.30
1070301	25.30
1070302	25.40
1070305	25.40
1070306	25.25
1070307	25.15
1070308	25.20
1070309	25.30
1070312	25.10
1070313	25.30
1070314	25.70
1070315	27.80
1070316	27.25
1070319	27.20
1070320	27.95
1070321	27.70
1070322	27.25
1070323	27.50
1070326	28.10
1070327	28.05
1070328	27.60
1070329	27.95
1070330	27.75
1070331	27.50
1070402	27.90
1070403	27.75
1070409	27.60
1070410	27.50
1070411	27.90
1070412	27.75
1070413	27.40
1070416	26.95
1070417	26.30
1070418	26.10
1070419	26.50
1070420	26.55
1070423	26.55
1070424	25.90
1070425	26.00
1070426	25.15
1070427	24.55
1070430	25.00
1070502	25.10
1070503	25.20
1070504	25.25
1070507	25.30
1070508	25.00
1070509	25.10
1070510	24.85
1070511	25.40
1070514	25.45
1070515	25.15
1070516	25.20
1070517	25.40
1070518	25.70
1070521	25.65
1070522	25.65
1070523	25.80
1070524	25.75
1070525	25.50
1070528	25.45
1070529	25.55
1070530	26.05
1070531	26.15
1070601	26.75
1070604	27.10
1070605	26.90
1070606	26.90
1070607	26.70
1070608	26.55
1070611	26.40
1070612	26.10
1070613	25.75
1070614	25.45
1070615	25.35
1070619	25.10
1070620	25.30
1070621	25.70
1070622	25.30
1070625	24.90
1070626	24.15
1070627	24.10
1070628	24.00
1070629	24.00
1070702	23.90
1070703	23.90
1070704	23.40
1070705	23.10
1070706	22.40
1070709	21.95
1070710	21.30
1070711	21.10
1070712	21.50
1070713	21.50
1070716	21.50
1070717	21.50
1070718	21.75
1070719	22.05
1070720	22.25
1070723	22.00
1070724	22.25
1070725	22.65
1070726	23.00
1070727	23.30
1070730	23.85
1070731	23.75
1070801	23.80
1070802	23.85
1070803	23.75
1070806	24.00
1070807	24.10
1070808	24.10
1070809	24.10
1070810	24.00
1070813	22.50
1070814	23.00
1070815	23.90
1070816	24.10
1070817	24.00
1070820	23.75
1070821	23.80
1070822	23.90
1070823	24.00
1070824	23.60
1070827	23.85
1070828	23.65
1070829	23.90
1070830	23.90
1070831	23.80
1070903	23.45
1070904	23.50
1070905	23.60
1070906	23.55
1070907	23.10
1070910	22.20
1070911	22.00
1070912	22.05
1070913	22.40
1070914	22.45
1070917	22.60
1070918	22.80
1070919	22.70
1070920	23.00
1070921	22.65
1070925	22.85
1070926	22.90
1070927	22.85
1070928	22.70
1071001	22.50
1071002	22.30
1071003	22.35
1071004	22.10
1071005	21.70
1071008	21.95
1071009	22.00
1071011	20.00
1071012	20.10
1071015	19.55
1071016	19.85
1071017	19.40
1071018	19.05
1071019	18.85
1071022	19.50
1071023	19.00
1071024	19.10
1071025	18.75
1071026	18.55
1071029	18.50
1071030	18.30
1071031	18.35
1071101	18.45
1071102	18.60
1071105	18.40
1071106	18.40
1071107	18.40
1071108	18.35
1071109	18.30
1071112	18.30
1071113	18.00
1071114	17.95
1071115	17.90
1071116	18.10
1071119	18.10
1071120	18.10
1071121	18.05
1071122	18.10
1071123	17.85
1071126	18.05
1071127	18.05
1071128	18.45
1071129	18.65
1071130	18.60
1071203	18.60
1071204	18.75
1071205	18.45
1071206	17.95
1071207	18.00
1071210	17.85
1071211	18.00
1071212	18.00
1071213	18.00
1071214	17.85
1071217	17.90
1071218	17.90
1071219	17.95
1071220	17.95
1071221	17.90
1071222	18.45
1071224	19.30
1071225	19.10
1071226	18.70
1071227	19.00
1071228	19.10
1080102	18.70
1080103	18.80
1080104	18.30
1080107	18.50
1080108	18.85
1080109	19.30
1080110	19.45
1080111	19.25
1080114	19.20
1080115	19.05
1080116	19.40
1080117	20.35
1080118	20.40
1080121	19.90
1080122	19.70
1080123	19.60
1080124	19.75
1080125	19.85
1080128	19.35
1080129	18.90
1080130	18.75
1080211	18.80
1080212	19.20
1080213	19.00
1080214	19.00
1080215	18.75
1080218	18.55
1080219	18.70
1080220	18.65
1080221	18.60
1080222	18.55
1080225	18.50
1080226	18.50
1080227	18.45
1080304	18.35
1080305	18.45
1080306	18.60
1080307	18.55
1080308	18.45
1080311	18.45
1080312	18.55
1080313	18.50
1080314	18.50
1080315	18.40
1080318	18.50
1080319	18.45
1080320	18.60
1080321	18.55
1080322	19.00
1080325	18.65
1080326	18.90
1080327	18.90
1080328	19.45
1080329	19.55
1080401	19.45
1080402	19.00
1080403	19.25
1080408	19.40
1080409	19.50
1080410	19.40
1080411	19.35
1080412	19.25
1080415	19.30
1080416	19.05
1080417	19.25
1080418	19.05
1080419	19.00
1080422	19.55
1080423	19.55
1080424	19.40
1080425	19.35
1080426	19.10
1080429	18.90
1080430	18.90
1080502	18.85
1080503	18.90
1080506	18.85
1080507	19.10
1080508	19.10
1080509	18.85
1080510	18.65
1080513	18.30
1080514	18.05
1080515	18.35
1080516	17.70
1080517	17.85
1080520	17.90
1080521	17.80
1080522	17.70
1080523	17.70
1080524	17.65
1080527	17.40
1080528	17.30
1080529	17.30
1080530	17.30
1080531	17.25
1080603	17.45
1080604	17.35
1080605	17.25
1080606	17.10
1080610	17.15
1080611	17.20
1080612	17.05
1080613	17.10
1080614	17.35
1080617	17.50
1080618	17.50
1080619	17.60
1080620	17.50
1080621	17.45
1080624	17.35
1080625	17.25
1080626	17.15
1080627	17.15
1080628	17.30
