1070102	22.80
1070103	22.80
1070104	22.60
1070105	22.95
1070108	23.00
1070109	22.50
1070110	22.55
1070111	22.90
1070112	23.10
1070115	22.70
1070116	22.70
1070117	22.75
1070118	22.70
1070119	22.60
1070122	22.45
1070123	22.70
1070124	22.75
1070125	23.00
1070126	23.10
1070129	22.40
1070130	22.40
1070131	22.50
1070201	22.50
1070202	22.10
1070205	--
1070206	20.80
1070207	20.70
1070208	--
1070209	21.70
1070212	21.40
1070221	--
1070222	22.00
1070223	22.00
1070226	22.10
1070227	22.00
1070301	21.65
1070302	21.60
1070305	21.30
1070306	21.50
1070307	21.80
1070308	21.95
1070309	24.10
1070312	24.00
1070313	24.70
1070314	24.75
1070315	24.95
1070316	24.90
1070319	25.40
1070320	25.50
1070321	24.40
1070322	24.40
1070323	23.70
1070326	24.75
1070327	24.55
1070328	24.30
1070329	24.45
1070330	24.05
1070331	24.10
1070402	23.75
1070403	24.00
1070409	24.20
1070410	23.80
1070411	24.10
1070412	24.40
1070413	24.50
1070416	24.10
1070417	24.00
1070418	--
1070419	--
1070420	23.70
1070423	24.95
1070424	23.55
1070425	22.95
1070426	22.80
1070427	--
1070430	23.15
1070502	24.35
1070503	24.25
1070504	23.35
1070507	23.50
1070508	23.95
1070509	23.85
1070510	23.50
1070511	23.25
1070514	23.60
1070515	23.35
1070516	22.75
1070517	23.40
1070518	23.50
1070521	23.35
1070522	23.35
1070523	23.30
1070524	23.50
1070525	23.85
1070528	23.65
1070529	23.60
1070530	24.60
1070531	23.70
1070601	23.30
1070604	23.15
1070605	23.15
1070606	23.15
1070607	23.20
1070608	23.30
1070611	23.65
1070612	25.65
1070613	25.60
1070614	24.55
1070615	25.10
1070619	24.95
1070620	24.30
1070621	24.40
1070622	24.95
1070625	24.75
1070626	24.35
1070627	24.05
1070628	23.00
1070629	22.45
1070702	22.55
1070703	23.50
1070704	23.70
1070705	22.65
1070706	22.45
1070709	23.50
1070710	23.15
1070711	23.15
1070712	23.10
1070713	23.30
1070716	23.35
1070717	--
1070718	--
1070719	23.20
1070720	23.00
1070723	22.35
1070724	22.40
1070725	22.35
1070726	22.40
1070727	22.90
1070730	22.70
1070731	23.10
1070801	22.50
1070802	22.85
1070803	23.65
1070806	22.90
1070807	24.30
1070808	24.80
1070809	25.40
1070810	25.00
1070813	25.00
1070814	23.70
1070815	23.65
1070816	24.45
1070817	24.10
1070820	24.35
1070821	23.45
1070822	23.35
1070823	22.60
1070824	22.60
1070827	22.60
1070828	22.90
1070829	23.10
1070830	23.00
1070831	23.00
1070903	23.00
1070904	23.60
1070905	23.00
1070906	23.00
1070907	22.80
1070910	22.75
1070911	22.75
1070912	22.75
1070913	--
1070914	23.30
1070917	22.50
1070918	23.70
1070919	--
1070920	22.90
1070921	23.00
1070925	23.35
1070926	23.35
1070927	23.60
1070928	23.35
1071001	23.30
1071002	22.80
1071003	--
1071004	22.80
1071005	22.50
1071008	22.30
1071009	--
1071011	22.00
1071012	22.00
1071015	21.80
1071016	21.55
1071017	21.60
1071018	22.60
1071019	21.45
1071022	22.75
1071023	21.80
1071024	22.55
1071025	21.95
1071026	20.70
1071029	21.45
1071030	--
1071031	--
1071101	21.00
1071102	--
1071105	20.95
1071106	20.65
1071107	20.95
1071108	21.80
1071109	--
1071112	20.60
1071113	20.15
1071114	20.60
1071115	--
1071116	20.60
1071119	--
1071120	--
1071121	--
1071122	--
1071123	20.35
1071126	20.30
1071127	20.60
1071128	--
1071129	20.20
1071130	20.30
1071203	20.50
1071204	--
1071205	20.40
1071206	20.25
1071207	20.45
1071210	20.00
1071211	20.15
1071212	20.90
1071213	--
1071214	20.95
1071217	20.60
1071218	20.50
1071219	20.30
1071220	20.15
1071221	20.65
1071222	20.35
1071224	--
1071225	20.20
1071226	20.20
1071227	--
1071228	--
1080102	20.00
1080103	20.00
1080104	20.10
1080107	19.90
1080108	20.00
1080109	20.00
1080110	21.25
1080111	22.20
1080114	21.20
1080115	21.60
1080116	21.10
1080117	21.15
1080118	21.70
1080121	21.45
1080122	22.05
1080123	21.85
1080124	22.00
1080125	21.50
1080128	21.75
1080129	21.50
1080130	21.50
1080211	21.40
1080212	21.40
1080213	21.75
1080214	21.60
1080215	21.30
1080218	21.00
1080219	20.80
1080220	20.90
1080221	20.80
1080222	20.95
1080225	21.00
1080226	20.90
1080227	20.85
1080304	21.10
1080305	20.75
1080306	20.85
1080307	20.85
1080308	21.35
1080311	23.45
1080312	23.55
1080313	23.25
1080314	22.95
1080315	23.35
1080318	23.45
1080319	23.05
1080320	23.00
1080321	23.00
1080322	22.80
1080325	22.70
1080326	22.95
1080327	23.15
1080328	23.00
1080329	23.95
1080401	23.50
1080402	23.35
1080403	22.55
1080408	23.15
1080409	22.85
1080410	23.35
1080411	23.35
1080412	23.25
1080415	23.35
1080416	23.40
1080417	23.40
1080418	23.20
1080419	23.20
1080422	23.15
1080423	23.05
1080424	22.95
1080425	22.90
1080426	22.80
1080429	22.75
1080430	--
1080502	23.45
1080503	23.00
1080506	--
1080507	22.85
1080508	22.70
1080509	--
1080510	22.50
1080513	22.95
1080514	23.00
1080515	22.30
1080516	22.40
1080517	22.20
1080520	22.00
1080521	21.95
1080522	21.95
1080523	22.35
1080524	--
1080527	22.25
1080528	22.35
1080529	--
1080530	22.15
1080531	--
1080603	21.90
1080604	21.90
1080605	21.60
1080606	21.50
1080610	--
1080611	21.50
1080612	21.50
1080613	21.40
1080614	21.90
1080617	21.85
1080618	21.60
1080619	21.60
1080620	22.10
1080621	22.35
1080624	22.55
1080625	22.40
1080626	22.35
1080627	22.50
1080628	22.30
1080701	22.30
1080702	22.90
1080703	23.00
1080704	23.50
1080705	23.90
