1070102	35.75
1070103	35.75
1070104	35.70
1070105	35.95
1070108	35.80
1070109	35.35
1070110	35.35
1070111	35.15
1070112	35.25
1070115	35.55
1070116	35.80
1070117	35.40
1070118	35.30
1070119	35.20
1070122	35.60
1070123	35.40
1070124	35.25
1070125	35.25
1070126	35.50
1070129	35.50
1070130	35.35
1070131	35.35
1070201	35.10
1070202	34.75
1070205	34.30
1070206	33.00
1070207	33.05
1070208	32.95
1070209	32.05
1070212	32.20
1070221	32.45
1070222	32.50
1070223	32.60
1070226	32.60
1070227	33.00
1070301	32.90
1070302	32.80
1070305	33.05
1070306	32.90
1070307	33.30
1070308	34.30
1070309	34.00
1070312	33.80
1070313	33.50
1070314	33.60
1070315	34.20
1070316	33.80
1070319	34.50
1070320	34.20
1070321	34.45
1070322	33.40
1070323	33.45
1070326	34.00
1070327	34.35
1070328	33.70
1070329	34.45
1070330	33.85
1070331	33.90
1070402	33.50
1070403	33.95
1070409	35.60
1070410	35.70
1070411	35.25
1070412	35.20
1070413	34.50
1070416	34.20
1070417	34.20
1070418	34.50
1070419	34.65
1070420	34.65
1070423	35.90
1070424	35.50
1070425	36.25
1070426	37.00
1070427	37.00
1070430	37.60
1070502	37.25
1070503	36.35
1070504	35.50
1070507	35.70
1070508	35.70
1070509	35.40
1070510	35.25
1070511	35.60
1070514	35.10
1070515	34.70
1070516	35.30
1070517	35.25
1070518	34.90
1070521	35.00
1070522	34.70
1070523	35.00
1070524	34.65
1070525	34.60
1070528	33.90
1070529	33.65
1070530	33.80
1070531	34.15
1070601	35.10
1070604	35.05
1070605	35.00
1070606	34.80
1070607	34.80
1070608	36.00
1070611	36.00
1070612	35.70
1070613	35.35
1070614	35.00
1070615	34.00
1070619	33.50
1070620	32.75
1070621	33.25
1070622	33.45
1070625	32.90
1070626	33.00
1070627	32.95
1070628	32.90
1070629	32.90
1070702	32.95
1070703	32.85
1070704	32.50
1070705	31.95
1070706	31.70
1070709	31.40
1070710	31.65
1070711	31.75
1070712	32.10
1070713	32.30
1070716	32.20
1070717	32.05
1070718	32.10
1070719	32.00
1070720	32.00
1070723	31.75
1070724	31.90
1070725	31.85
1070726	31.75
1070727	31.75
1070730	31.60
1070731	31.60
1070801	32.20
1070802	31.90
1070803	32.20
1070806	32.45
1070807	32.30
1070808	32.25
1070809	32.30
1070810	31.95
1070813	31.00
1070814	32.05
1070815	32.60
1070816	33.15
1070817	33.20
1070820	33.65
1070821	33.65
1070822	33.75
1070823	33.50
1070824	33.45
1070827	33.35
1070828	33.15
1070829	33.00
1070830	33.45
1070831	33.80
1070903	34.15
1070904	34.30
1070905	34.35
1070906	34.55
1070907	34.45
1070910	34.50
1070911	35.15
1070912	34.95
1070913	35.95
1070914	35.70
1070917	35.80
1070918	36.45
1070919	36.35
1070920	36.50
1070921	36.95
1070925	37.05
1070926	36.95
1070927	36.60
1070928	36.40
1071001	36.50
1071002	36.80
1071003	36.80
1071004	36.50
1071005	36.10
1071008	36.60
1071009	36.00
1071011	32.40
1071012	34.70
1071015	34.50
1071016	34.10
1071017	34.10
1071018	34.10
1071019	33.80
1071022	33.70
1071023	33.35
1071024	33.55
1071025	31.85
1071026	32.00
1071029	32.10
1071030	32.95
1071031	32.80
1071101	32.85
1071102	32.65
1071105	32.70
1071106	32.45
1071107	32.60
1071108	32.40
1071109	32.40
1071112	32.40
1071113	31.95
1071114	32.15
1071115	32.10
1071116	32.05
1071119	32.40
1071120	32.35
1071121	32.40
1071122	32.25
1071123	32.20
1071126	32.55
1071127	32.50
1071128	32.50
1071129	32.80
1071130	34.10
1071203	34.00
1071204	33.85
1071205	33.35
1071206	32.75
1071207	32.80
1071210	32.70
1071211	32.75
1071212	33.20
1071213	33.25
1071214	33.15
1071217	33.00
1071218	32.95
1071219	32.70
1071220	32.40
1071221	31.50
1071222	31.60
1071224	31.65
1071225	31.20
1071226	30.90
1071227	31.10
1071228	30.85
1080102	30.50
1080103	30.60
1080104	31.00
1080107	31.85
1080108	32.15
1080109	32.10
1080110	31.85
1080111	31.60
1080114	31.40
1080115	31.45
1080116	31.30
1080117	31.20
1080118	31.30
1080121	31.50
1080122	31.35
1080123	31.35
1080124	31.15
1080125	31.25
1080128	31.45
1080129	31.45
1080130	31.50
1080211	31.55
1080212	32.10
1080213	32.10
1080214	32.15
1080215	32.45
1080218	33.00
1080219	33.00
1080220	32.75
1080221	32.65
1080222	32.65
1080225	32.60
1080226	32.70
1080227	32.75
1080304	32.60
1080305	32.70
1080306	32.85
1080307	32.90
1080308	32.85
1080311	34.25
1080312	33.75
1080313	34.55
1080314	34.55
1080315	34.50
1080318	34.40
1080319	34.25
1080320	34.15
1080321	34.75
1080322	34.55
1080325	35.40
1080326	35.15
1080327	35.30
1080328	35.35
1080329	35.00
1080401	37.00
1080402	37.55
1080403	39.90
1080408	40.30
1080409	40.60
1080410	41.00
1080411	42.95
1080412	42.20
1080415	40.25
1080416	40.10
1080417	40.00
1080418	40.70
1080419	42.80
1080422	42.40
1080423	42.80
1080424	42.85
1080425	42.50
1080426	41.90
1080429	40.50
1080430	40.30
1080502	40.25
1080503	40.30
1080506	39.20
1080507	40.40
1080508	40.60
1080509	39.40
1080510	39.95
1080513	38.35
1080514	38.80
1080515	39.05
1080516	39.50
1080517	39.05
1080520	38.60
1080521	40.00
1080522	40.25
1080523	39.85
1080524	40.30
1080527	41.40
1080528	41.50
1080529	40.75
1080530	41.50
1080531	41.35
1080603	40.70
1080604	40.05
1080605	40.10
1080606	39.05
1080610	39.45
1080611	38.90
1080612	39.10
1080613	40.35
1080614	40.00
1080617	40.00
1080618	39.85
1080619	39.90
1080620	40.85
1080621	40.80
1080624	41.00
1080625	40.65
1080626	41.00
1080627	42.15
1080628	42.05
