1070102	151.50
1070103	151.00
1070104	149.00
1070105	148.00
1070108	162.50
1070109	166.00
1070110	173.00
1070111	168.50
1070112	169.00
1070115	185.50
1070116	189.50
1070117	171.00
1070118	169.00
1070119	170.50
1070122	167.00
1070123	170.00
1070124	169.50
1070125	169.50
1070126	181.00
1070129	181.50
1070130	183.50
1070131	185.00
1070201	183.00
1070202	179.00
1070205	172.50
1070206	156.50
1070207	160.00
1070208	161.50
1070209	159.50
1070212	160.00
1070221	169.00
1070222	179.50
1070223	172.00
1070226	173.00
1070227	171.00
1070301	170.50
1070302	170.00
1070305	172.50
1070306	171.50
1070307	174.50
1070308	177.50
1070309	174.00
1070312	171.50
1070313	172.50
1070314	176.50
1070315	178.00
1070316	181.00
1070319	181.50
1070320	184.00
1070321	179.00
1070322	178.00
1070323	175.00
1070326	176.50
1070327	173.00
1070328	173.00
1070329	183.00
1070330	181.50
1070331	182.00
1070402	179.00
1070403	179.50
1070409	177.50
1070410	178.00
1070411	181.50
1070412	189.00
1070413	184.00
1070416	183.00
1070417	176.50
1070418	178.00
1070419	176.50
1070420	181.50
1070423	182.00
1070424	175.00
1070425	172.50
1070426	165.00
1070427	162.50
1070430	169.00
1070502	169.00
1070503	173.50
1070504	168.50
1070507	168.50
1070508	166.50
1070509	163.50
1070510	164.50
1070511	163.00
1070514	162.00
1070515	161.50
1070516	157.50
1070517	156.50
1070518	156.50
1070521	155.50
1070522	154.00
1070523	156.50
1070524	155.00
1070525	155.50
1070528	153.00
1070529	150.50
1070530	147.50
1070531	162.00
1070601	172.00
1070604	167.50
1070605	169.00
1070606	168.00
1070607	165.50
1070608	162.50
1070611	160.00
1070612	162.00
1070613	161.00
1070614	159.50
1070615	157.00
1070619	155.00
1070620	153.00
1070621	157.00
1070622	159.50
1070625	160.50
1070626	158.00
1070627	157.50
1070628	157.00
1070629	156.00
1070702	158.00
1070703	156.00
1070704	154.00
1070705	150.00
1070706	149.00
1070709	157.50
1070710	154.50
1070711	155.50
1070712	159.00
1070713	160.00
1070716	160.00
1070717	160.50
1070718	156.00
1070719	155.00
1070720	154.50
1070723	153.00
1070724	156.00
1070725	155.50
1070726	154.50
1070727	155.00
1070730	157.50
1070731	156.50
1070801	156.50
1070802	153.50
1070803	153.50
1070806	152.00
1070807	152.00
1070808	152.00
1070809	152.00
1070810	151.00
1070813	147.00
1070814	147.00
1070815	144.50
1070816	142.50
1070817	142.00
1070820	141.00
1070821	142.00
1070822	141.50
1070823	141.00
1070824	139.50
1070827	143.00
1070828	141.00
1070829	141.50
1070830	142.00
1070831	143.50
1070903	141.50
1070904	141.50
1070905	141.00
1070906	140.00
1070907	133.00
1070910	127.00
1070911	124.00
1070912	124.50
1070913	136.50
1070914	141.00
1070917	136.00
1070918	131.50
1070919	131.00
1070920	144.00
1070921	142.50
1070925	142.00
1070926	141.50
1070927	141.50
1070928	145.50
1071001	152.50
1071002	151.50
1071003	147.00
1071004	155.00
1071005	151.00
1071008	147.00
1071009	142.50
1071011	128.50
1071012	131.00
1071015	129.50
1071016	132.00
1071017	131.00
1071018	131.00
1071019	129.50
1071022	131.50
1071023	128.50
1071024	130.00
1071025	122.00
1071026	120.00
1071029	122.00
1071030	121.00
1071031	121.00
1071101	121.50
1071102	124.00
1071105	122.00
1071106	121.00
1071107	121.50
1071108	121.00
1071109	120.50
1071112	120.50
1071113	119.50
1071114	120.00
1071115	119.00
1071116	119.50
1071119	121.00
1071120	122.50
1071121	122.50
1071122	134.50
1071123	137.00
1071126	135.00
1071127	139.50
1071128	139.00
1071129	142.00
1071130	146.00
1071203	143.00
1071204	143.50
1071205	141.00
1071206	135.50
1071207	137.50
1071210	137.00
1071211	137.00
1071212	138.50
1071213	142.00
1071214	143.00
1071217	143.50
1071218	141.50
1071219	139.50
1071220	139.00
1071221	140.50
1071222	143.50
1071224	144.00
1071225	148.00
1071226	152.00
1071227	152.00
1071228	156.50
1080102	153.00
1080103	157.50
1080104	164.00
1080107	163.00
1080108	165.00
1080109	161.50
1080110	159.00
1080111	159.50
1080114	159.00
1080115	157.00
1080116	155.00
1080117	155.50
1080118	156.50
1080121	159.00
1080122	162.00
1080123	177.00
1080124	190.00
1080125	185.00
1080128	185.00
1080129	178.00
1080130	180.00
1080211	181.00
1080212	185.50
1080213	182.00
1080214	183.50
1080215	183.00
1080218	186.00
1080219	188.00
1080220	185.50
1080221	185.00
1080222	183.00
1080225	180.00
1080226	180.00
1080227	180.00
1080304	179.50
1080305	179.00
1080306	181.00
1080307	182.00
1080308	180.50
1080311	168.00
1080312	168.50
1080313	165.50
1080314	166.50
1080315	162.50
1080318	159.00
1080319	162.00
1080320	161.00
1080321	166.00
1080322	164.00
1080325	160.50
1080326	161.00
1080327	161.50
1080328	161.00
1080329	169.00
1080401	164.50
1080402	164.50
1080403	164.50
1080408	164.50
1080409	165.50
1080410	166.00
1080411	165.50
1080412	161.50
1080415	161.00
1080416	160.00
1080417	160.00
1080418	157.50
1080419	154.00
1080422	158.00
1080423	160.50
1080424	158.00
1080425	157.50
1080426	158.00
1080429	155.50
1080430	155.50
1080502	155.50
1080503	155.50
1080506	153.00
1080507	152.50
1080508	151.00
1080509	146.50
1080510	145.00
1080513	140.50
1080514	144.00
1080515	143.00
1080516	139.50
1080517	139.50
1080520	139.00
1080521	143.50
1080522	142.00
1080523	139.50
1080524	139.50
1080527	139.50
1080528	146.50
1080529	143.00
1080530	141.50
1080531	142.00
1080603	141.00
1080604	140.50
1080605	140.50
1080606	140.00
1080610	141.00
1080611	150.00
1080612	151.00
1080613	153.00
1080614	151.50
1080617	150.00
1080618	149.00
1080619	148.00
1080620	159.50
1080621	155.00
1080624	165.50
1080625	164.00
1080626	163.00
1080627	162.00
1080628	165.00
1080701	165.00
1080702	168.50
1080703	166.50
1080704	167.50
1080705	167.50
