1070102	20.80
1070103	20.75
1070104	20.45
1070105	20.85
1070108	20.90
1070109	21.15
1070110	21.30
1070111	21.30
1070112	21.20
1070115	21.15
1070116	20.80
1070117	20.85
1070118	20.80
1070119	20.65
1070122	21.10
1070123	20.90
1070124	20.70
1070125	20.70
1070126	20.70
1070129	20.65
1070130	20.75
1070131	20.75
1070201	20.50
1070202	20.50
1070205	20.30
1070206	19.50
1070207	19.50
1070208	19.65
1070209	19.35
1070212	20.00
1070221	19.65
1070222	19.45
1070223	19.05
1070226	19.05
1070227	19.05
1070301	19.05
1070302	18.85
1070305	18.65
1070306	18.75
1070307	18.60
1070308	18.85
1070309	19.00
1070312	19.10
1070313	19.15
1070314	19.10
1070315	19.15
1070316	18.90
1070319	18.65
1070320	18.65
1070321	18.60
1070322	20.45
1070323	19.60
1070326	19.25
1070327	19.35
1070328	19.50
1070329	19.80
1070330	19.60
1070331	19.65
1070402	19.50
1070403	19.30
1070409	19.10
1070410	19.00
1070411	19.10
1070412	19.10
1070413	18.90
1070416	19.00
1070417	19.00
1070418	18.65
1070419	18.65
1070420	18.65
1070423	18.65
1070424	18.75
1070425	18.80
1070426	18.80
1070427	19.00
1070430	18.40
1070502	18.40
1070503	18.40
1070504	--
1070507	18.70
1070508	18.70
1070509	18.85
1070510	18.50
1070511	18.50
1070514	--
1070515	18.30
1070516	--
1070517	18.75
1070518	18.30
1070521	18.00
1070522	17.55
1070523	17.35
1070524	17.30
1070525	18.45
1070528	18.60
1070529	18.20
1070530	18.25
1070531	18.50
1070601	18.10
1070604	18.60
1070605	18.20
1070606	18.10
1070607	18.15
1070608	18.45
1070611	19.10
1070612	19.40
1070613	18.80
1070614	19.00
1070615	19.00
1070619	19.00
1070620	18.40
1070621	18.20
1070622	18.25
1070625	18.40
1070626	18.00
1070627	18.95
1070628	18.65
1070629	18.25
1070702	18.20
1070703	17.40
1070704	18.25
1070705	17.90
1070706	17.55
1070709	18.10
1070710	18.10
1070711	--
1070712	17.80
1070713	17.95
1070716	--
1070717	17.60
1070718	17.90
1070719	17.70
1070720	17.65
1070723	17.90
1070724	--
1070725	17.80
1070726	17.65
1070727	--
1070730	17.40
1070731	17.55
1070801	17.45
1070802	17.35
1070803	17.30
1070806	17.40
1070807	17.40
1070808	17.40
1070809	17.40
1070810	17.55
1070813	17.50
1070814	19.25
1070815	21.15
1070816	22.65
1070817	22.05
1070820	23.95
1070821	23.95
1070822	24.90
1070823	24.80
1070824	23.80
1070827	23.00
1070828	23.00
1070829	23.00
1070830	24.05
1070831	23.80
1070903	22.40
1070904	22.45
1070905	23.35
1070906	23.90
1070907	23.80
1070910	23.80
1070911	26.15
1070912	27.00
1070913	29.15
1070914	28.70
1070917	29.30
1070918	27.60
1070919	26.50
1070920	25.35
1070921	26.20
1070925	26.20
1070926	25.15
1070927	24.80
1070928	25.80
1071001	25.80
1071002	24.80
1071003	25.05
1071004	24.95
1071005	24.10
1071008	24.25
1071009	23.65
1071011	21.60
1071012	22.15
1071015	22.20
1071016	23.20
1071017	23.40
1071018	23.50
1071019	23.45
1071022	--
1071023	23.30
1071024	23.85
1071025	23.90
1071026	24.40
1071029	25.40
1071030	25.15
1071031	25.25
1071101	25.30
1071102	25.05
1071105	25.00
1071106	24.90
1071107	25.15
1071108	25.05
1071109	25.05
1071112	25.05
1071113	24.90
1071114	25.60
1071115	25.40
1071116	25.40
1071119	26.70
1071120	26.25
1071121	26.15
1071122	26.15
1071123	25.85
1071126	26.10
1071127	26.20
1071128	26.05
1071129	26.05
1071130	26.30
1071203	25.45
1071204	25.70
1071205	25.50
1071206	25.50
1071207	25.50
1071210	26.20
1071211	26.20
1071212	26.65
1071213	26.25
1071214	27.00
1071217	27.30
1071218	26.70
1071219	26.55
1071220	27.10
1071221	27.10
1071222	27.10
1071224	27.25
1071225	27.20
1071226	26.85
1071227	27.05
1071228	28.05
1080102	28.10
1080103	28.25
1080104	28.35
1080107	28.35
1080108	28.40
1080109	27.70
1080110	27.85
1080111	27.00
1080114	27.05
1080115	27.00
1080116	26.95
1080117	26.90
1080118	26.85
1080121	26.25
1080122	26.50
1080123	26.20
1080124	26.40
1080125	26.10
1080128	26.30
1080129	26.00
1080130	26.10
1080211	26.20
1080212	27.00
1080213	27.30
1080214	27.20
1080215	28.60
1080218	28.40
1080219	27.95
1080220	27.95
1080221	28.20
1080222	28.05
1080225	28.05
1080226	28.40
1080227	29.20
1080304	30.40
1080305	30.20
1080306	30.00
1080307	29.95
1080308	28.90
1080311	29.30
1080312	29.35
1080313	28.75
1080314	29.30
1080315	29.45
1080318	30.15
1080319	30.35
1080320	30.30
1080321	32.25
1080322	32.85
1080325	32.30
1080326	33.00
1080327	33.40
1080328	35.60
1080329	36.20
1080401	39.80
1080402	39.70
1080403	43.65
1080408	48.00
1080409	47.90
1080410	49.50
1080411	45.95
1080412	45.50
1080415	45.25
1080416	46.00
1080417	44.50
1080418	42.00
1080419	43.00
1080422	42.20
1080423	40.45
1080424	40.10
1080425	39.10
1080426	38.95
1080429	35.10
1080430	35.40
1080502	35.85
1080503	36.40
1080506	33.80
1080507	34.20
1080508	34.60
1080509	32.75
1080510	33.00
1080513	32.20
1080514	32.60
1080515	32.85
1080516	33.15
1080517	33.20
1080520	33.15
1080521	34.00
1080522	33.85
1080523	33.20
1080524	33.30
1080527	34.75
1080528	34.50
1080529	34.35
1080530	34.50
1080531	33.90
1080603	33.45
1080604	33.60
1080605	35.80
1080606	35.80
1080610	36.00
1080611	35.65
1080612	35.00
1080613	35.00
1080614	35.25
1080617	35.20
1080618	34.95
1080619	35.00
1080620	34.90
1080621	34.90
1080624	35.45
1080625	35.20
1080626	34.75
1080627	34.50
1080628	33.25
1080701	33.10
1080702	33.50
1080703	33.25
1080704	33.45
1080705	33.95
