1070102	47.20
1070103	47.50
1070104	46.90
1070105	48.40
1070108	47.90
1070109	47.80
1070110	48.00
1070111	48.65
1070112	50.20
1070115	50.40
1070116	51.60
1070117	51.80
1070118	51.50
1070119	50.00
1070122	49.65
1070123	49.05
1070124	49.75
1070125	50.20
1070126	52.30
1070129	51.40
1070130	50.90
1070131	50.90
1070201	51.00
1070202	51.40
1070205	50.20
1070206	47.35
1070207	48.80
1070208	52.00
1070209	50.90
1070212	54.80
1070221	60.20
1070222	61.30
1070223	62.00
1070226	59.60
1070227	61.00
1070301	59.70
1070302	62.20
1070305	58.00
1070306	57.00
1070307	57.00
1070308	58.50
1070309	60.80
1070312	61.20
1070313	62.00
1070314	61.30
1070315	67.40
1070316	74.10
1070319	77.10
1070320	74.50
1070321	72.30
1070322	70.00
1070323	68.20
1070326	69.30
1070327	73.70
1070328	73.70
1070329	73.50
1070330	74.00
1070331	73.70
1070402	81.00
1070403	76.70
1070409	75.60
1070410	75.30
1070411	75.70
1070412	73.50
1070413	68.10
1070416	66.90
1070417	65.10
1070418	65.80
1070419	64.80
1070420	65.50
1070423	63.10
1070424	63.20
1070425	63.10
1070426	63.70
1070427	64.70
1070430	65.00
1070502	65.00
1070503	63.70
1070504	63.60
1070507	65.10
1070508	71.60
1070509	69.60
1070510	70.90
1070511	66.50
1070514	63.30
1070515	62.70
1070516	60.50
1070517	60.90
1070518	60.00
1070521	62.00
1070522	61.50
1070523	61.70
1070524	61.30
1070525	63.40
1070528	62.20
1070529	61.10
1070530	60.80
1070531	61.40
1070601	62.00
1070604	62.80
1070605	63.00
1070606	63.80
1070607	65.00
1070608	63.90
1070611	63.20
1070612	61.60
1070613	62.00
1070614	61.70
1070615	61.50
1070619	60.30
1070620	57.00
1070621	57.30
1070622	56.30
1070625	56.50
1070626	56.40
1070627	56.70
1070628	55.80
1070629	54.00
1070702	53.40
1070703	50.80
1070704	55.80
1070705	59.40
1070706	58.20
1070709	56.60
1070710	59.50
1070711	58.70
1070712	59.60
1070713	59.80
1070716	59.50
1070717	58.80
1070718	55.80
1070719	56.00
1070720	55.30
1070723	54.70
1070724	56.20
1070725	60.90
1070726	61.30
1070727	64.00
1070730	62.20
1070731	63.00
1070801	62.90
1070802	61.00
1070803	61.40
1070806	62.30
1070807	61.70
1070808	62.20
1070809	61.10
1070810	60.00
1070813	57.20
1070814	57.40
1070815	60.10
1070816	59.10
1070817	57.80
1070820	57.80
1070821	57.90
1070822	57.90
1070823	57.90
1070824	57.30
1070827	58.40
1070828	57.40
1070829	56.90
1070830	56.90
1070831	55.80
1070903	53.50
1070904	54.90
1070905	53.70
1070906	53.00
1070907	51.70
1070910	49.50
1070911	50.50
1070912	51.50
1070913	51.00
1070914	52.00
1070917	52.40
1070918	51.80
1070919	52.10
1070920	51.70
1070921	52.30
1070925	51.90
1070926	52.00
1070927	52.20
1070928	52.00
1071001	51.90
1071002	52.40
1071003	51.80
1071004	52.20
1071005	50.50
1071008	50.30
1071009	51.00
1071011	48.55
1071012	50.30
1071015	50.40
1071016	50.70
1071017	50.80
1071018	50.30
1071019	49.30
1071022	49.15
1071023	48.50
1071024	48.25
1071025	48.25
1071026	47.60
1071029	44.35
1071030	44.20
1071031	43.00
1071101	46.05
1071102	48.15
1071105	49.10
1071106	49.70
1071107	51.00
1071108	52.00
1071109	51.00
1071112	49.50
1071113	49.40
1071114	49.75
1071115	49.00
1071116	49.00
1071119	49.40
1071120	47.90
1071121	47.95
1071122	46.95
1071123	47.15
1071126	47.20
1071127	47.40
1071128	48.25
1071129	47.95
1071130	48.20
1071203	50.00
1071204	49.30
1071205	48.95
1071206	48.00
1071207	48.20
1071210	48.30
1071211	48.05
1071212	48.60
1071213	48.55
1071214	48.00
1071217	48.55
1071218	48.20
1071219	48.30
1071220	48.00
1071221	48.00
1071222	48.00
1071224	48.00
1071225	47.50
1071226	47.50
1071227	48.50
1071228	50.00
1080102	48.80
1080103	48.80
1080104	49.25
1080107	49.60
1080108	50.00
1080109	51.30
1080110	51.00
1080111	51.40
1080114	51.00
1080115	51.30
1080116	51.40
1080117	52.50
1080118	52.20
1080121	51.90
1080122	52.00
1080123	52.10
1080124	52.20
1080125	52.50
1080128	52.50
1080129	52.00
1080130	52.50
1080211	52.90
1080212	52.70
1080213	52.50
1080214	52.80
1080215	52.50
1080218	53.00
1080219	53.30
1080220	53.50
1080221	54.30
1080222	54.20
1080225	55.10
1080226	55.20
1080227	55.20
1080304	54.60
1080305	54.40
1080306	54.30
1080307	55.00
1080308	54.70
1080311	54.50
1080312	54.90
1080313	54.60
1080314	55.60
1080315	55.70
1080318	56.00
1080319	56.00
1080320	56.40
1080321	56.50
1080322	56.90
1080325	56.50
1080326	56.90
1080327	57.20
1080328	57.20
1080329	57.40
1080401	57.20
1080402	57.10
1080403	57.00
1080408	56.30
1080409	56.50
1080410	56.80
1080411	56.10
1080412	56.40
1080415	56.20
1080416	55.90
1080417	54.70
1080418	55.10
1080419	56.30
1080422	56.40
1080423	56.40
1080424	57.00
1080425	57.10
1080426	56.90
1080429	57.20
1080430	57.40
1080502	58.10
1080503	58.00
1080506	56.60
1080507	55.90
1080508	55.00
1080509	52.60
1080510	53.10
1080513	53.20
1080514	53.00
1080515	54.50
1080516	54.50
1080517	54.20
1080520	54.40
1080521	54.70
1080522	54.90
1080523	54.70
1080524	54.80
1080527	54.70
1080528	54.60
1080529	54.50
1080530	54.40
1080531	55.60
1080603	54.70
1080604	54.50
1080605	54.10
1080606	54.00
1080610	54.00
1080611	53.20
1080612	52.30
1080613	53.80
1080614	54.30
1080617	54.40
1080618	54.30
1080619	54.20
1080620	54.10
1080621	54.20
1080624	54.20
1080625	54.70
1080626	54.60
1080627	54.80
1080628	54.60
