1070102	110.00
1070103	113.50
1070104	111.00
1070105	108.00
1070108	107.50
1070109	103.00
1070110	103.00
1070111	106.00
1070112	107.00
1070115	105.00
1070116	104.00
1070117	107.50
1070118	105.50
1070119	104.50
1070122	105.50
1070123	102.50
1070124	102.00
1070125	101.00
1070126	103.00
1070129	109.00
1070130	105.50
1070131	112.50
1070201	110.00
1070202	109.50
1070205	106.00
1070206	95.40
1070207	97.00
1070208	97.40
1070209	94.50
1070212	94.10
1070221	98.50
1070222	108.00
1070223	118.50
1070226	117.00
1070227	112.50
1070301	123.50
1070302	122.50
1070305	117.50
1070306	120.00
1070307	117.50
1070308	118.00
1070309	121.00
1070312	121.00
1070313	120.00
1070314	119.00
1070315	119.00
1070316	118.50
1070319	119.00
1070320	118.00
1070321	117.00
1070322	115.00
1070323	110.00
1070326	112.00
1070327	112.50
1070328	108.50
1070329	104.00
1070330	102.00
1070331	104.00
1070402	102.50
1070403	104.00
1070409	110.50
1070410	109.00
1070411	107.50
1070412	108.50
1070413	108.00
1070416	111.50
1070417	107.00
1070418	107.50
1070419	108.50
1070420	109.00
1070423	107.00
1070424	101.00
1070425	102.00
1070426	100.00
1070427	97.00
1070430	97.10
1070502	93.30
1070503	93.30
1070504	94.30
1070507	94.40
1070508	98.10
1070509	99.60
1070510	100.00
1070511	97.00
1070514	100.50
1070515	97.50
1070516	97.00
1070517	95.60
1070518	94.40
1070521	98.50
1070522	98.20
1070523	96.30
1070524	97.50
1070525	96.60
1070528	97.80
1070529	95.80
1070530	105.00
1070531	102.00
1070601	102.00
1070604	104.50
1070605	105.00
1070606	103.50
1070607	107.00
1070608	108.00
1070611	109.00
1070612	113.50
1070613	109.00
1070614	109.00
1070615	109.50
1070619	107.00
1070620	102.00
1070621	100.50
1070622	99.10
1070625	99.20
1070626	98.50
1070627	98.00
1070628	97.30
1070629	99.80
1070702	99.10
1070703	101.00
1070704	95.80
1070705	94.30
1070706	94.70
1070709	92.70
1070710	94.10
1070711	93.20
1070712	94.00
1070713	95.50
1070716	95.00
1070717	94.20
1070718	94.20
1070719	92.00
1070720	92.00
1070723	88.90
1070724	91.60
1070725	91.10
1070726	91.40
1070727	91.20
1070730	89.00
1070731	89.10
1070801	91.00
1070802	92.60
1070803	94.50
1070806	93.30
1070807	94.50
1070808	97.10
1070809	95.90
1070810	95.60
1070813	92.00
1070814	95.40
1070815	93.60
1070816	94.80
1070817	96.70
1070820	96.70
1070821	94.30
1070822	94.20
1070823	92.20
1070824	81.00
1070827	83.40
1070828	82.80
1070829	82.90
1070830	82.70
1070831	83.10
1070903	79.00
1070904	79.80
1070905	79.90
1070906	79.40
1070907	75.60
1070910	68.10
1070911	70.20
1070912	70.90
1070913	72.60
1070914	75.90
1070917	76.40
1070918	73.10
1070919	73.00
1070920	71.10
1070921	73.00
1070925	78.60
1070926	77.50
1070927	75.90
1070928	74.00
1071001	74.80
1071002	75.10
1071003	73.20
1071004	72.70
1071005	68.80
1071008	69.10
1071009	66.00
1071011	59.40
1071012	60.60
1071015	61.00
1071016	61.00
1071017	61.70
1071018	61.10
1071019	59.00
1071022	60.50
1071023	58.80
1071024	60.00
1071025	61.20
1071026	58.70
1071029	58.70
1071030	56.90
1071031	62.50
1071101	63.00
1071102	63.70
1071105	64.40
1071106	62.40
1071107	64.20
1071108	62.80
1071109	62.60
1071112	62.90
1071113	63.00
1071114	62.00
1071115	62.20
1071116	62.00
1071119	68.20
1071120	72.60
1071121	72.40
1071122	68.60
1071123	71.20
1071126	75.00
1071127	74.80
1071128	74.10
1071129	73.20
1071130	73.80
1071203	76.50
1071204	75.80
1071205	74.30
1071206	70.60
1071207	72.50
1071210	70.80
1071211	70.20
1071212	75.00
1071213	75.60
1071214	76.00
1071217	80.50
1071218	80.10
1071219	78.20
1071220	77.50
1071221	78.10
1071222	77.60
1071224	80.20
1071225	77.80
1071226	75.20
1071227	76.30
1071228	77.10
1080102	77.30
1080103	73.30
1080104	70.60
1080107	73.20
1080108	74.30
1080109	75.80
1080110	75.60
1080111	72.10
1080114	71.40
1080115	71.80
1080116	72.60
1080117	71.80
1080118	72.40
1080121	71.40
1080122	71.40
1080123	71.80
1080124	71.40
1080125	71.60
1080128	71.70
1080129	72.00
1080130	71.70
1080211	73.20
1080212	73.40
1080213	73.40
1080214	80.70
1080215	78.50
1080218	78.80
1080219	78.50
1080220	77.70
1080221	78.50
1080222	77.50
1080225	78.90
1080226	77.50
1080227	77.00
1080304	77.30
1080305	76.60
1080306	76.90
1080307	75.50
1080308	74.90
1080311	75.70
1080312	76.10
1080313	75.60
1080314	76.80
1080315	76.00
1080318	75.50
1080319	77.40
1080320	77.30
1080321	78.30
1080322	77.10
1080325	75.80
1080326	75.70
1080327	75.70
1080328	75.50
1080329	75.70
1080401	76.00
1080402	77.60
1080403	77.20
1080408	77.50
1080409	79.60
1080410	78.70
1080411	77.10
1080412	77.00
1080415	77.30
1080416	77.10
1080417	77.80
1080418	76.20
1080419	77.70
1080422	76.70
1080423	76.30
1080424	76.80
1080425	75.90
1080426	74.30
1080429	71.50
1080430	71.40
1080502	71.80
1080503	72.90
1080506	71.50
1080507	71.00
1080508	69.10
1080509	65.50
1080510	66.50
1080513	64.20
1080514	64.80
1080515	66.00
1080516	65.00
1080517	65.50
1080520	64.00
1080521	64.60
1080522	64.60
1080523	62.40
1080524	62.00
1080527	63.30
1080528	63.80
1080529	63.90
1080530	65.70
1080531	66.80
1080603	65.90
1080604	65.30
1080605	64.80
1080606	64.80
1080610	64.70
1080611	64.70
1080612	67.20
1080613	67.20
1080614	66.70
1080617	67.10
1080618	69.00
1080619	68.60
1080620	68.30
1080621	68.10
1080624	67.90
1080625	67.50
1080626	67.60
1080627	67.80
1080628	68.40
1080701	69.20
1080702	70.30
1080703	73.50
1080704	73.80
1080705	73.00
