1070102	34.90
1070103	34.75
1070104	34.55
1070105	34.80
1070108	34.75
1070109	35.60
1070110	34.60
1070111	34.50
1070112	34.65
1070115	34.55
1070116	34.60
1070117	34.55
1070118	34.55
1070119	34.30
1070122	34.25
1070123	34.30
1070124	34.40
1070125	34.25
1070126	34.00
1070129	33.95
1070130	33.60
1070131	33.90
1070201	33.95
1070202	33.80
1070205	33.40
1070206	32.30
1070207	32.60
1070208	33.00
1070209	32.75
1070212	33.30
1070221	33.75
1070222	33.80
1070223	34.00
1070226	34.05
1070227	33.85
1070301	34.00
1070302	33.70
1070305	33.55
1070306	33.80
1070307	33.85
1070308	33.85
1070309	33.75
1070312	33.95
1070313	33.95
1070314	33.85
1070315	33.80
1070316	33.90
1070319	33.90
1070320	33.80
1070321	33.85
1070322	33.60
1070323	33.45
1070326	33.80
1070327	33.70
1070328	33.65
1070329	33.60
1070330	33.65
1070331	33.85
1070402	33.60
1070403	33.75
1070409	34.15
1070410	34.35
1070411	34.05
1070412	34.05
1070413	34.05
1070416	33.80
1070417	33.85
1070418	34.05
1070419	33.85
1070420	33.90
1070423	33.65
1070424	33.50
1070425	33.60
1070426	33.40
1070427	33.50
1070430	33.55
1070502	33.85
1070503	33.80
1070504	33.60
1070507	33.60
1070508	33.45
1070509	33.45
1070510	33.40
1070511	33.45
1070514	33.75
1070515	33.70
1070516	33.65
1070517	33.75
1070518	33.75
1070521	33.80
1070522	33.80
1070523	33.85
1070524	33.80
1070525	33.65
1070528	33.65
1070529	33.70
1070530	33.60
1070531	33.85
1070601	33.80
1070604	33.95
1070605	33.90
1070606	33.95
1070607	34.15
1070608	34.30
1070611	34.00
1070612	34.00
1070613	34.10
1070614	34.00
1070615	33.95
1070619	33.95
1070620	34.10
1070621	33.90
1070622	33.90
1070625	34.20
1070626	33.90
1070627	33.85
1070628	34.25
1070629	34.30
1070702	34.30
1070703	34.00
1070704	34.00
1070705	33.85
1070706	33.85
1070709	33.85
1070710	34.00
1070711	34.05
1070712	31.65
1070713	31.70
1070716	31.50
1070717	31.60
1070718	31.60
1070719	31.60
1070720	31.35
1070723	31.25
1070724	31.30
1070725	31.30
1070726	31.50
1070727	31.50
1070730	31.35
1070731	31.40
1070801	31.80
1070802	31.45
1070803	31.50
1070806	31.35
1070807	31.40
1070808	31.35
1070809	31.00
1070810	30.95
1070813	30.40
1070814	30.45
1070815	30.45
1070816	30.45
1070817	30.40
1070820	30.40
1070821	30.35
1070822	30.50
1070823	30.60
1070824	30.45
1070827	30.60
1070828	30.60
1070829	30.60
1070830	30.55
1070831	30.60
1070903	30.40
1070904	30.35
1070905	30.30
1070906	30.35
1070907	30.25
1070910	30.00
1070911	30.00
1070912	29.95
1070913	30.30
1070914	30.25
1070917	30.25
1070918	30.15
1070919	30.40
1070920	30.25
1070921	30.10
1070925	30.15
1070926	30.10
1070927	29.90
1070928	29.85
1071001	30.20
1071002	29.90
1071003	29.90
1071004	29.80
1071005	29.50
1071008	28.95
1071009	29.05
1071011	27.70
1071012	28.00
1071015	27.80
1071016	27.90
1071017	27.75
1071018	27.75
1071019	27.45
1071022	27.30
1071023	26.95
1071024	26.75
1071025	26.10
1071026	25.90
1071029	25.90
1071030	26.35
1071031	26.45
1071101	26.30
1071102	26.35
1071105	26.70
1071106	26.50
1071107	26.85
1071108	27.00
1071109	27.35
1071112	27.25
1071113	27.25
1071114	27.40
1071115	27.20
1071116	27.20
1071119	27.40
1071120	27.20
1071121	27.10
1071122	27.20
1071123	27.30
1071126	27.30
1071127	27.30
1071128	27.45
1071129	27.50
1071130	27.45
1071203	27.60
1071204	27.80
1071205	27.60
1071206	27.50
1071207	27.40
1071210	26.90
1071211	26.50
1071212	26.40
1071213	26.80
1071214	27.00
1071217	26.75
1071218	26.70
1071219	26.25
1071220	26.00
1071221	26.05
1071222	26.40
1071224	26.35
1071225	26.10
1071226	26.00
1071227	26.00
1071228	26.10
1080102	26.10
1080103	26.20
1080104	26.00
1080107	26.75
1080108	26.40
1080109	26.90
1080110	26.85
1080111	26.75
1080114	26.50
1080115	26.55
1080116	26.45
1080117	26.50
1080118	26.75
1080121	26.60
1080122	26.70
1080123	26.55
1080124	26.65
1080125	26.60
1080128	26.55
1080129	26.80
1080130	26.85
1080211	26.85
1080212	27.10
1080213	27.35
1080214	27.35
1080215	27.20
1080218	27.40
1080219	27.50
1080220	27.25
1080221	27.40
1080222	27.35
1080225	27.80
1080226	27.65
1080227	27.75
1080304	27.75
1080305	29.40
1080306	29.45
1080307	29.00
1080308	29.40
1080311	29.25
1080312	29.30
1080313	29.10
1080314	29.00
1080315	29.20
1080318	29.00
1080319	28.75
1080320	29.20
1080321	29.40
1080322	29.50
1080325	29.45
1080326	29.50
1080327	28.75
1080328	29.00
1080329	29.05
1080401	29.05
1080402	29.15
1080403	29.15
1080408	29.25
1080409	28.90
1080410	28.95
1080411	29.00
1080412	29.00
1080415	29.20
1080416	29.05
1080417	29.20
1080418	29.05
1080419	29.10
1080422	29.15
1080423	29.25
1080424	29.30
1080425	29.40
1080426	29.30
1080429	29.30
1080430	29.45
1080502	29.55
1080503	29.50
1080506	29.40
1080507	29.40
1080508	29.40
1080509	29.20
1080510	29.25
1080513	29.15
1080514	29.10
1080515	29.20
1080516	29.05
1080517	29.10
1080520	29.00
1080521	29.10
1080522	29.20
1080523	29.10
1080524	29.15
1080527	29.35
1080528	29.40
1080529	29.50
1080530	29.70
1080531	29.75
1080603	29.75
1080604	29.50
1080605	29.50
1080606	29.50
1080610	29.60
1080611	29.75
1080612	29.70
1080613	29.75
1080614	29.90
1080617	30.15
1080618	30.25
1080619	30.25
1080620	30.15
1080621	30.10
1080624	28.50
1080625	28.45
1080626	28.55
1080627	28.45
1080628	28.40
