1070102	28.65
1070103	29.80
1070104	29.60
1070105	32.20
1070108	32.20
1070109	35.15
1070110	38.65
1070111	38.20
1070112	37.05
1070115	35.80
1070116	38.20
1070117	38.15
1070118	38.70
1070119	39.75
1070122	39.00
1070123	38.50
1070124	37.80
1070125	37.15
1070126	38.00
1070129	37.80
1070130	35.95
1070131	36.60
1070201	35.90
1070202	32.35
1070205	29.15
1070206	26.25
1070207	25.90
1070208	26.50
1070209	27.20
1070212	25.30
1070221	26.40
1070222	29.00
1070223	29.00
1070226	28.00
1070227	27.35
1070301	27.30
1070302	27.60
1070305	26.75
1070306	26.50
1070307	25.50
1070308	25.35
1070309	25.30
1070312	25.15
1070313	25.35
1070314	25.80
1070315	25.15
1070316	23.90
1070319	23.50
1070320	24.10
1070321	23.55
1070322	22.95
1070323	21.70
1070326	22.55
1070327	22.85
1070328	23.25
1070329	22.95
1070330	22.50
1070331	22.15
1070402	24.35
1070403	24.65
1070409	25.70
1070410	24.30
1070411	24.70
1070412	25.10
1070413	24.70
1070416	23.90
1070417	22.55
1070418	22.65
1070419	23.10
1070420	22.85
1070423	22.45
1070424	21.45
1070425	21.35
1070426	20.45
1070427	20.30
1070430	21.10
1070502	20.70
1070503	20.65
1070504	20.30
1070507	21.15
1070508	20.90
1070509	20.90
1070510	22.20
1070511	24.40
1070514	26.80
1070515	26.80
1070516	28.50
1070517	27.65
1070518	30.40
1070521	33.40
1070522	33.00
1070523	33.30
1070524	34.00
1070525	31.65
1070528	32.40
1070529	31.80
1070530	31.85
1070531	31.80
1070601	31.05
1070604	31.50
1070605	31.30
1070606	32.25
1070607	32.20
1070608	31.05
1070611	30.00
1070612	31.30
1070613	30.15
1070614	29.95
1070615	29.40
1070619	30.00
1070620	29.25
1070621	29.75
1070622	28.65
1070625	28.70
1070626	29.00
1070627	28.85
1070628	30.80
1070629	31.70
1070702	32.50
1070703	32.55
1070704	32.45
1070705	30.80
1070706	31.35
1070709	31.35
1070710	33.35
1070711	30.95
1070712	31.90
1070713	31.40
1070716	30.75
1070717	29.90
1070718	30.00
1070719	30.30
1070720	29.55
1070723	28.70
1070724	30.50
1070725	30.15
1070726	30.10
1070727	30.65
1070730	30.75
1070731	31.00
1070801	30.90
1070802	30.50
1070803	30.20
1070806	30.55
1070807	31.50
1070808	31.50
1070809	31.50
1070810	31.25
1070813	30.45
1070814	32.00
1070815	30.90
1070816	31.60
1070817	30.90
1070820	30.50
1070821	30.80
1070822	30.70
1070823	31.65
1070824	34.40
1070827	35.20
1070828	34.45
1070829	34.90
1070830	34.85
1070831	33.00
1070903	32.00
1070904	32.50
1070905	31.75
1070906	32.65
1070907	31.10
1070910	30.35
1070911	29.45
1070912	30.20
1070913	31.10
1070914	31.85
1070917	31.35
1070918	31.40
1070919	31.90
1070920	32.60
1070921	33.40
1070925	33.15
1070926	33.80
1070927	32.70
1070928	32.85
1071001	34.25
1071002	34.95
1071003	33.20
1071004	34.50
1071005	32.90
1071008	32.95
1071009	32.80
1071011	29.55
1071012	29.65
1071015	29.80
1071016	30.05
1071017	29.85
1071018	27.00
1071019	25.80
1071022	26.30
1071023	26.00
1071024	24.90
1071025	23.10
1071026	23.10
1071029	23.20
1071030	22.80
1071031	24.00
1071101	24.45
1071102	25.15
1071105	25.25
1071106	24.50
1071107	25.65
1071108	26.10
1071109	26.00
1071112	25.80
1071113	26.25
1071114	25.95
1071115	24.30
1071116	24.40
1071119	24.20
1071120	25.85
1071121	25.45
1071122	25.30
1071123	26.00
1071126	26.10
1071127	25.60
1071128	25.80
1071129	26.60
1071130	26.35
1071203	26.95
1071204	27.10
1071205	26.50
1071206	25.05
1071207	25.45
1071210	24.80
1071211	24.70
1071212	24.95
1071213	25.00
1071214	25.20
1071217	24.85
1071218	24.20
1071219	24.15
1071220	23.05
1071221	22.70
1071222	22.65
1071224	23.00
1071225	22.80
1071226	22.75
1071227	23.00
1071228	22.65
1080102	22.40
1080103	22.20
1080104	21.65
1080107	23.00
1080108	22.70
1080109	22.95
1080110	22.90
1080111	22.25
1080114	21.55
1080115	22.10
1080116	21.80
1080117	21.90
1080118	22.65
1080121	22.60
1080122	22.20
1080123	22.15
1080124	22.10
1080125	22.10
1080128	22.65
1080129	22.70
1080130	22.60
1080211	22.30
1080212	22.65
1080213	22.70
1080214	24.40
1080215	23.70
1080218	23.80
1080219	23.80
1080220	24.10
1080221	24.70
1080222	24.30
1080225	24.50
1080226	24.10
1080227	23.80
1080304	23.75
1080305	23.85
1080306	23.90
1080307	23.40
1080308	23.35
1080311	23.70
1080312	23.70
1080313	23.30
1080314	23.20
1080315	23.00
1080318	22.70
1080319	23.90
1080320	23.50
1080321	23.40
1080322	23.00
1080325	22.65
1080326	23.15
1080327	22.95
1080328	22.85
1080329	22.90
1080401	22.65
1080402	22.65
1080403	22.90
1080408	23.45
1080409	23.85
1080410	23.55
1080411	23.00
1080412	22.65
1080415	22.65
1080416	22.40
1080417	22.50
1080418	22.10
1080419	22.85
1080422	22.75
1080423	22.45
1080424	23.05
1080425	22.80
1080426	22.35
1080429	22.20
1080430	22.20
1080502	22.25
1080503	22.30
1080506	21.70
1080507	21.70
1080508	21.05
1080509	20.45
1080510	20.00
1080513	20.10
1080514	19.75
1080515	20.00
1080516	19.70
1080517	18.80
1080520	18.35
1080521	18.35
1080522	20.05
1080523	19.40
1080524	19.25
1080527	20.00
1080528	19.85
1080529	20.00
1080530	19.90
1080531	20.00
1080603	19.85
1080604	19.70
1080605	20.15
1080606	19.95
1080610	19.90
1080611	19.90
1080612	19.80
1080613	19.25
1080614	19.60
1080617	19.45
1080618	19.40
1080619	19.60
1080620	19.50
1080621	19.50
1080624	19.55
1080625	19.40
1080626	19.25
1080627	19.20
1080628	19.25
