1070102	44.55
1070103	44.10
1070104	43.50
1070105	42.95
1070108	42.40
1070109	42.50
1070110	42.25
1070111	41.75
1070112	41.30
1070115	40.30
1070116	40.15
1070117	40.10
1070118	40.65
1070119	41.65
1070122	41.50
1070123	41.10
1070124	40.80
1070125	40.40
1070126	40.15
1070129	39.95
1070130	40.00
1070131	40.15
1070201	39.50
1070202	39.70
1070205	40.15
1070206	39.85
1070207	39.85
1070208	39.85
1070209	39.85
1070212	40.50
1070221	41.45
1070222	41.15
1070223	39.70
1070226	39.00
1070227	39.60
1070301	41.10
1070302	42.30
1070305	42.65
1070306	42.70
1070307	42.65
1070308	41.80
1070309	41.10
1070312	41.55
1070313	42.75
1070314	42.65
1070315	43.50
1070316	43.30
1070319	43.45
1070320	43.10
1070321	42.90
1070322	42.30
1070323	42.00
1070326	42.25
1070327	45.75
1070328	48.00
1070329	47.85
1070330	49.60
1070331	48.80
1070402	47.45
1070403	47.70
1070409	44.60
1070410	45.50
1070411	46.40
1070412	46.35
1070413	45.55
1070416	45.00
1070417	44.80
1070418	44.90
1070419	45.35
1070420	45.50
1070423	44.40
1070424	44.40
1070425	43.65
1070426	43.25
1070427	42.65
1070430	42.65
1070502	40.50
1070503	41.65
1070504	41.50
1070507	40.30
1070508	39.85
1070509	40.10
1070510	39.50
1070511	38.40
1070514	38.40
1070515	37.20
1070516	34.50
1070517	31.05
1070518	27.95
1070521	25.20
1070522	22.70
1070523	20.45
1070524	18.45
1070525	16.65
1070528	15.00
1070529	16.50
1070530	16.05
1070531	14.95
1070601	14.95
1070604	14.90
1070605	14.10
1070606	14.20
1070607	15.60
1070608	17.15
1070611	15.45
1070612	15.50
1070613	15.60
1070614	15.50
1070615	15.50
1070619	15.35
1070620	14.80
1070621	14.80
1070622	15.40
1070625	15.50
1070626	15.45
1070627	15.20
1070628	15.15
1070629	15.00
1070702	14.50
1070703	14.45
1070704	14.30
1070705	14.20
1070706	14.10
1070709	15.50
1070710	15.55
1070711	15.70
1070712	15.65
1070713	14.85
1070716	15.10
1070717	15.15
1070718	15.10
1070719	15.10
1070720	15.10
1070723	15.30
1070724	15.45
1070725	15.15
1070726	16.50
1070727	17.50
1070730	16.80
1070731	16.70
1070801	17.00
1070802	16.95
1070803	17.85
1070806	18.50
1070807	19.30
1070808	18.70
1070809	19.00
1070810	19.10
1070813	18.95
1070814	18.50
1070815	19.00
1070816	18.30
1070817	18.00
1070820	17.10
1070821	17.15
1070822	16.95
1070823	16.95
1070824	16.80
1070827	16.95
1070828	16.70
1070829	16.50
1070830	16.20
1070831	15.55
1070903	15.55
1070904	15.55
1070905	15.50
1070906	14.85
1070907	14.80
1070910	14.90
1070911	14.50
1070912	14.65
1070913	14.50
1070914	14.60
1070917	14.50
1070918	14.15
1070919	13.95
1070920	14.05
1070921	13.55
1070925	13.95
1070926	13.70
1070927	13.75
1070928	13.45
1071001	13.65
1071002	13.65
1071003	13.65
1071004	13.40
1071005	13.40
1071008	13.90
1071009	14.05
1071011	13.00
1071012	13.00
1071015	13.05
1071016	13.65
1071017	13.70
1071018	14.30
1071019	13.80
1071022	14.20
1071023	14.00
1071024	13.90
1071025	13.30
1071026	13.30
1071029	13.50
1071030	12.85
1071031	13.25
1071101	13.90
1071102	13.85
1071105	13.85
1071106	13.85
1071107	13.75
1071108	13.75
1071109	13.65
1071112	13.30
1071113	13.40
1071114	13.50
1071115	12.95
1071116	13.55
1071119	13.30
1071120	13.50
1071121	13.15
1071122	13.20
1071123	13.60
1071126	12.70
1071127	12.75
1071128	12.50
1071129	12.65
1071130	12.30
1071203	12.15
1071204	12.10
1071205	12.10
1071206	12.15
1071207	12.70
1071210	12.50
1071211	12.50
1071212	12.55
1071213	12.20
1071214	12.20
1071217	13.20
1071218	13.70
1071219	13.80
1071220	13.60
1071221	13.60
1071222	13.80
1071224	13.25
1071225	13.20
1071226	12.65
1071227	13.05
1071228	13.15
1080102	13.20
1080103	13.20
1080104	13.25
1080107	12.70
1080108	13.25
1080109	13.05
1080110	13.10
1080111	13.15
1080114	13.05
1080115	13.05
1080116	12.85
1080117	13.05
1080118	12.75
1080121	12.95
1080122	13.20
1080123	13.25
1080124	12.80
1080125	12.80
1080128	13.50
1080129	13.05
1080130	13.05
1080211	14.30
1080212	15.70
1080213	16.30
1080214	16.30
1080215	14.70
1080218	13.25
1080219	13.80
1080220	13.75
1080221	13.95
1080222	14.00
1080225	13.35
1080226	13.65
1080227	13.60
1080304	13.55
1080305	13.40
1080306	12.95
1080307	13.00
1080308	13.00
1080311	12.85
1080312	12.05
1080313	12.40
1080314	12.25
1080315	11.90
1080318	12.00
1080319	12.00
1080320	11.95
1080321	11.95
1080322	11.95
1080325	11.95
1080326	11.90
1080327	11.70
1080328	11.00
1080329	9.92
1080401	10.35
1080402	11.35
1080403	12.00
1080408	12.10
1080409	12.40
1080410	12.15
1080411	12.20
1080412	12.15
1080415	12.35
1080416	12.20
1080417	12.10
1080418	12.05
1080419	11.50
1080422	11.50
1080423	11.70
1080424	11.70
1080425	11.65
1080426	11.65
1080429	12.00
1080430	11.65
1080502	11.85
1080503	12.20
1080506	12.00
1080507	12.15
1080508	12.20
1080509	12.50
1080510	12.25
1080513	12.20
1080514	12.25
1080515	12.25
1080516	12.25
1080517	12.25
1080520	12.10
1080521	12.00
1080522	12.00
1080523	11.80
1080524	12.15
1080527	12.20
1080528	12.15
1080529	12.20
1080530	12.40
1080531	12.50
1080603	11.50
1080604	11.95
1080605	12.15
1080606	12.00
1080610	12.00
1080611	12.30
1080612	12.20
1080613	12.25
1080614	12.00
1080617	12.00
1080618	11.95
1080619	12.30
1080620	12.15
1080621	12.05
1080624	12.10
1080625	12.30
1080626	12.20
1080627	12.30
1080628	12.80
1080701	12.10
1080702	12.15
1080703	12.20
1080704	12.20
1080705	12.15
