1070102	25.95
1070103	26.05
1070104	26.05
1070105	26.05
1070108	25.50
1070109	25.00
1070110	24.85
1070111	24.65
1070112	25.45
1070115	25.85
1070116	25.50
1070117	25.60
1070118	25.30
1070119	25.00
1070122	24.45
1070123	22.05
1070124	23.25
1070125	21.85
1070126	22.25
1070129	23.10
1070130	22.10
1070131	22.40
1070201	22.55
1070202	23.15
1070205	22.85
1070206	21.30
1070207	21.70
1070208	19.55
1070209	19.55
1070212	19.50
1070221	19.45
1070222	20.05
1070223	19.85
1070226	18.40
1070227	18.60
1070301	18.60
1070302	18.60
1070305	18.85
1070306	18.80
1070307	18.40
1070308	18.45
1070309	18.40
1070312	18.55
1070313	18.50
1070314	18.05
1070315	18.80
1070316	18.70
1070319	18.40
1070320	18.80
1070321	19.85
1070322	19.85
1070323	19.85
1070326	21.80
1070327	22.00
1070328	21.75
1070329	20.65
1070330	20.10
1070331	19.50
1070402	19.20
1070403	19.10
1070409	18.80
1070410	19.35
1070411	19.35
1070412	19.55
1070413	21.50
1070416	20.40
1070417	20.70
1070418	21.65
1070419	23.00
1070420	23.45
1070423	22.45
1070424	21.85
1070425	21.50
1070426	20.05
1070427	20.60
1070430	22.65
1070502	22.00
1070503	21.90
1070504	22.40
1070507	22.80
1070508	22.65
1070509	22.10
1070510	22.05
1070511	21.20
1070514	20.40
1070515	20.50
1070516	19.55
1070517	20.10
1070518	19.75
1070521	19.55
1070522	18.90
1070523	18.80
1070524	18.50
1070525	19.00
1070528	18.95
1070529	19.05
1070530	18.90
1070531	18.75
1070601	19.00
1070604	19.85
1070605	20.20
1070606	20.15
1070607	20.00
1070608	20.05
1070611	21.30
1070612	21.45
1070613	21.25
1070614	21.40
1070615	21.20
1070619	21.05
1070620	20.80
1070621	20.55
1070622	20.30
1070625	21.40
1070626	20.75
1070627	20.55
1070628	20.25
1070629	19.20
1070702	19.25
1070703	19.15
1070704	19.50
1070705	19.25
1070706	18.40
1070709	17.30
1070710	17.55
1070711	17.65
1070712	17.80
1070713	17.95
1070716	17.50
1070717	17.10
1070718	15.40
1070719	15.90
1070720	15.65
1070723	15.40
1070724	15.50
1070725	17.00
1070726	17.45
1070727	18.45
1070730	18.45
1070731	18.10
1070801	18.05
1070802	17.45
1070803	18.00
1070806	18.20
1070807	17.70
1070808	17.60
1070809	17.30
1070810	17.10
1070813	16.10
1070814	16.20
1070815	16.15
1070816	16.10
1070817	16.20
1070820	16.00
1070821	15.80
1070822	15.65
1070823	15.80
1070824	15.60
1070827	15.75
1070828	16.20
1070829	16.30
1070830	16.30
1070831	16.30
1070903	16.20
1070904	16.20
1070905	16.00
1070906	16.20
1070907	16.35
1070910	16.00
1070911	16.45
1070912	16.20
1070913	16.30
1070914	15.70
1070917	14.15
1070918	14.20
1070919	14.40
1070920	14.05
1070921	13.85
1070925	12.50
1070926	12.50
1070927	13.05
1070928	13.25
1071001	13.45
1071002	13.45
1071003	13.35
1071004	13.20
1071005	12.85
1071008	12.90
1071009	12.75
1071011	11.60
1071012	11.35
1071015	11.25
1071016	11.10
1071017	11.25
1071018	11.15
1071019	10.95
1071022	11.05
1071023	10.85
1071024	10.80
1071025	9.72
1071026	9.76
1071029	9.67
1071030	9.40
1071031	9.69
1071101	10.00
1071102	10.05
1071105	10.15
1071106	10.00
1071107	10.15
1071108	10.40
1071109	10.80
1071112	11.60
1071113	11.45
1071114	11.40
1071115	11.10
1071116	11.35
1071119	11.50
1071120	11.75
1071121	11.55
1071122	11.80
1071123	11.80
1071126	11.50
1071127	11.00
1071128	11.50
1071129	11.60
1071130	11.75
1071203	12.10
1071204	12.30
1071205	11.80
1071206	11.10
1071207	11.50
1071210	11.00
1071211	10.80
1071212	10.90
1071213	11.40
1071214	11.00
1071217	11.40
1071218	11.35
1071219	11.40
1071220	11.00
1071221	11.15
1071222	11.00
1071224	10.95
1071225	11.15
1071226	11.00
1071227	11.00
1071228	12.00
1080102	13.20
1080103	14.50
1080104	15.75
1080107	16.05
1080108	15.90
1080109	15.65
1080110	15.30
1080111	16.35
1080114	16.15
1080115	15.90
1080116	15.50
1080117	15.40
1080118	15.50
1080121	15.95
1080122	15.45
1080123	15.50
1080124	15.60
1080125	17.15
1080128	18.75
1080129	18.00
1080130	17.50
1080211	19.00
1080212	18.80
1080213	18.20
1080214	18.35
1080215	17.80
1080218	17.85
1080219	17.50
1080220	18.10
1080221	17.65
1080222	17.50
1080225	17.15
1080226	17.20
1080227	18.90
1080304	18.90
1080305	18.60
1080306	18.65
1080307	17.80
1080308	17.20
1080311	17.20
1080312	17.30
1080313	17.20
1080314	16.75
1080315	17.00
1080318	17.15
1080319	17.15
1080320	16.90
1080321	16.80
1080322	16.50
1080325	16.05
1080326	16.20
1080327	16.45
1080328	16.05
1080329	15.80
1080401	15.90
1080402	16.40
1080403	15.95
1080408	16.00
1080409	16.10
1080410	16.10
1080411	17.15
1080412	16.50
1080415	16.80
1080416	16.85
1080417	16.80
1080418	16.05
1080419	16.20
1080422	16.10
1080423	15.90
1080424	15.70
1080425	15.10
1080426	14.75
1080429	14.60
1080430	14.70
1080502	14.90
1080503	15.20
1080506	14.55
1080507	14.70
1080508	15.35
1080509	14.75
1080510	14.55
1080513	14.25
1080514	14.20
1080515	14.00
1080516	14.00
1080517	13.80
1080520	13.70
1080521	13.85
1080522	13.60
1080523	13.70
1080524	13.75
1080527	13.70
1080528	13.70
1080529	13.55
1080530	13.65
1080531	13.55
1080603	13.60
1080604	13.45
1080605	13.45
1080606	13.60
1080610	13.55
1080611	13.60
1080612	13.40
1080613	13.20
1080614	13.30
1080617	13.00
1080618	12.85
1080619	13.00
1080620	12.90
1080621	13.05
1080624	13.00
1080625	14.30
1080626	13.85
1080627	14.00
1080628	14.00
1080701	14.00
1080702	13.90
1080703	13.80
1080704	13.85
1080705	14.05
