1070102	82.60
1070103	87.30
1070104	88.00
1070105	88.30
1070108	84.00
1070109	79.30
1070110	74.00
1070111	74.40
1070112	76.40
1070115	79.00
1070116	80.30
1070117	77.90
1070118	75.80
1070119	77.50
1070122	79.40
1070123	81.40
1070124	82.40
1070125	82.00
1070126	82.00
1070129	80.80
1070130	82.70
1070131	82.60
1070201	81.90
1070202	79.90
1070205	79.40
1070206	74.30
1070207	78.90
1070208	76.70
1070209	74.60
1070212	73.30
1070221	72.80
1070222	74.00
1070223	74.20
1070226	77.00
1070227	75.00
1070301	74.00
1070302	72.60
1070305	70.60
1070306	70.50
1070307	70.70
1070308	70.00
1070309	69.60
1070312	68.30
1070313	69.90
1070314	69.00
1070315	68.80
1070316	71.40
1070319	69.00
1070320	66.00
1070321	65.80
1070322	63.30
1070323	64.50
1070326	63.00
1070327	63.30
1070328	63.90
1070329	64.40
1070330	62.20
1070331	62.50
1070402	64.20
1070403	63.20
1070409	61.40
1070410	61.30
1070411	62.10
1070412	62.30
1070413	61.40
1070416	61.20
1070417	62.00
1070418	61.10
1070419	61.20
1070420	61.20
1070423	60.80
1070424	57.80
1070425	57.80
1070426	58.60
1070427	56.60
1070430	60.50
1070502	59.60
1070503	58.00
1070504	56.70
1070507	59.00
1070508	59.20
1070509	58.50
1070510	60.80
1070511	58.20
1070514	57.20
1070515	56.90
1070516	56.40
1070517	56.30
1070518	55.30
1070521	56.90
1070522	56.70
1070523	56.50
1070524	57.50
1070525	57.70
1070528	58.50
1070529	58.20
1070530	57.20
1070531	58.30
1070601	57.60
1070604	58.80
1070605	59.20
1070606	62.60
1070607	63.10
1070608	62.10
1070611	61.70
1070612	60.80
1070613	61.80
1070614	61.10
1070615	61.50
1070619	61.30
1070620	60.50
1070621	59.00
1070622	58.90
1070625	58.10
1070626	58.20
1070627	58.80
1070628	59.70
1070629	61.80
1070702	60.00
1070703	59.80
1070704	59.00
1070705	54.90
1070706	54.90
1070709	55.20
1070710	54.30
1070711	53.00
1070712	52.50
1070713	54.20
1070716	52.90
1070717	53.10
1070718	52.60
1070719	53.40
1070720	55.80
1070723	55.20
1070724	55.70
1070725	54.50
1070726	54.80
1070727	56.40
1070730	56.50
1070731	57.50
1070801	57.70
1070802	56.50
1070803	57.10
1070806	58.80
1070807	60.00
1070808	60.40
1070809	59.60
1070810	59.00
1070813	56.80
1070814	59.00
1070815	58.10
1070816	58.00
1070817	57.60
1070820	56.00
1070821	55.80
1070822	55.60
1070823	55.60
1070824	55.80
1070827	55.90
1070828	59.00
1070829	58.90
1070830	57.70
1070831	57.00
1070903	55.20
1070904	55.30
1070905	55.00
1070906	53.80
1070907	51.30
1070910	48.00
1070911	47.30
1070912	48.00
1070913	46.85
1070914	48.45
1070917	48.45
1070918	48.20
1070919	50.20
1070920	49.00
1070921	49.00
1070925	48.25
1070926	49.15
1070927	48.70
1070928	48.85
1071001	50.40
1071002	51.40
1071003	50.40
1071004	50.20
1071005	47.75
1071008	49.20
1071009	47.80
1071011	43.05
1071012	43.95
1071015	43.55
1071016	43.80
1071017	44.00
1071018	44.00
1071019	43.90
1071022	44.95
1071023	43.80
1071024	45.40
1071025	40.90
1071026	40.00
1071029	39.95
1071030	39.95
1071031	41.60
1071101	41.30
1071102	41.00
1071105	39.90
1071106	38.85
1071107	38.50
1071108	39.50
1071109	36.50
1071112	37.50
1071113	40.05
1071114	40.80
1071115	39.45
1071116	41.10
1071119	42.30
1071120	42.60
1071121	42.20
1071122	41.30
1071123	40.60
1071126	40.95
1071127	41.20
1071128	42.30
1071129	44.45
1071130	46.00
1071203	48.60
1071204	46.90
1071205	47.50
1071206	44.40
1071207	44.80
1071210	44.35
1071211	43.95
1071212	45.00
1071213	44.45
1071214	42.95
1071217	43.30
1071218	43.60
1071219	44.50
1071220	42.60
1071221	43.00
1071222	43.00
1071224	43.40
1071225	43.10
1071226	42.80
1071227	43.70
1071228	43.45
1080102	44.35
1080103	44.60
1080104	43.55
1080107	44.80
1080108	45.30
1080109	48.45
1080110	49.85
1080111	49.65
1080114	49.65
1080115	49.70
1080116	50.90
1080117	47.90
1080118	49.10
1080121	49.65
1080122	48.55
1080123	49.00
1080124	49.70
1080125	50.30
1080128	50.50
1080129	50.70
1080130	50.40
1080211	50.90
1080212	51.60
1080213	53.50
1080214	55.00
1080215	56.70
1080218	58.20
1080219	59.70
1080220	59.00
1080221	58.00
1080222	58.00
1080225	58.50
1080226	57.70
1080227	58.20
1080304	59.40
1080305	60.10
1080306	59.80
1080307	57.90
1080308	58.00
1080311	59.80
1080312	62.00
1080313	62.50
1080314	62.20
1080315	62.40
1080318	61.50
1080319	61.50
1080320	60.90
1080321	61.00
1080322	60.10
1080325	57.90
1080326	60.00
1080327	59.50
1080328	60.00
1080329	60.70
1080401	60.00
1080402	61.90
1080403	61.90
1080408	64.20
1080409	64.80
1080410	65.80
1080411	67.00
1080412	69.90
1080415	67.30
1080416	68.40
1080417	68.50
1080418	67.60
1080419	67.30
1080422	67.40
1080423	66.00
1080424	68.10
1080425	69.60
1080426	68.20
1080429	61.40
1080430	63.20
1080502	62.60
1080503	62.00
1080506	60.60
1080507	62.00
1080508	60.60
1080509	59.80
1080510	58.00
1080513	55.30
1080514	55.30
1080515	55.40
1080516	54.30
1080517	51.80
1080520	52.30
1080521	52.90
1080522	52.60
1080523	50.20
1080524	48.60
1080527	47.05
1080528	46.90
1080529	46.60
1080530	48.20
1080531	48.25
1080603	48.35
1080604	49.00
1080605	49.50
1080606	48.65
1080610	51.00
1080611	51.60
1080612	52.00
1080613	51.40
1080614	51.00
1080617	51.60
1080618	52.50
1080619	56.30
1080620	55.60
1080621	55.00
1080624	55.70
1080625	54.40
1080626	54.10
1080627	55.00
1080628	54.10
