1070102	9.38
1070103	9.37
1070104	9.37
1070105	9.38
1070108	9.37
1070109	9.36
1070110	9.40
1070111	9.40
1070112	10.30
1070115	11.30
1070116	10.80
1070117	10.50
1070118	11.55
1070119	11.80
1070122	11.45
1070123	11.10
1070124	11.05
1070125	10.75
1070126	10.70
1070129	10.45
1070130	10.35
1070131	10.10
1070201	10.20
1070202	10.10
1070205	10.15
1070206	9.70
1070207	9.70
1070208	9.75
1070209	9.12
1070212	9.15
1070221	9.10
1070222	9.05
1070223	9.12
1070226	9.30
1070227	9.50
1070301	9.39
1070302	9.41
1070305	9.39
1070306	9.43
1070307	9.46
1070308	9.70
1070309	9.80
1070312	9.83
1070313	9.52
1070314	9.20
1070315	9.19
1070316	9.15
1070319	9.10
1070320	9.19
1070321	9.21
1070322	9.11
1070323	9.20
1070326	9.19
1070327	9.22
1070328	9.22
1070329	9.25
1070330	9.68
1070331	9.67
1070402	9.78
1070403	9.79
1070409	9.77
1070410	9.59
1070411	9.55
1070412	9.65
1070413	10.25
1070416	9.80
1070417	9.69
1070418	9.65
1070419	9.60
1070420	9.49
1070423	9.25
1070424	9.25
1070425	9.10
1070426	9.05
1070427	9.05
1070430	9.08
1070502	9.09
1070503	9.06
1070504	9.01
1070507	9.00
1070508	8.99
1070509	8.82
1070510	8.92
1070511	8.83
1070514	8.61
1070515	8.42
1070516	8.36
1070517	8.32
1070518	8.32
1070521	8.30
1070522	8.03
1070523	7.64
1070524	7.54
1070525	7.44
1070528	7.52
1070529	7.48
1070530	7.47
1070531	7.50
1070601	7.75
1070604	8.52
1070605	8.50
1070606	8.52
1070607	8.50
1070608	8.57
1070611	9.25
1070612	9.29
1070613	9.34
1070614	9.22
1070615	9.28
1070619	9.28
1070620	9.30
1070621	9.35
1070622	9.40
1070625	9.44
1070626	9.45
1070627	9.41
1070628	9.26
1070629	9.06
1070702	8.93
1070703	8.78
1070704	8.68
1070705	8.68
1070706	8.58
1070709	8.69
1070710	8.70
1070711	8.70
1070712	8.50
1070713	8.52
1070716	8.50
1070717	8.55
1070718	8.54
1070719	8.45
1070720	8.32
1070723	8.70
1070724	8.51
1070725	8.51
1070726	8.75
1070727	8.70
1070730	8.68
1070731	8.87
1070801	8.69
1070802	8.74
1070803	8.55
1070806	8.74
1070807	8.70
1070808	8.72
1070809	8.71
1070810	8.80
1070813	9.00
1070814	9.30
1070815	9.20
1070816	9.20
1070817	9.20
1070820	9.22
1070821	9.25
1070822	9.25
1070823	9.19
1070824	9.15
1070827	9.13
1070828	9.20
1070829	9.23
1070830	9.26
1070831	9.30
1070903	9.25
1070904	9.26
1070905	9.18
1070906	9.19
1070907	9.19
1070910	8.99
1070911	9.00
1070912	8.95
1070913	8.74
1070914	8.82
1070917	8.84
1070918	8.84
1070919	9.00
1070920	9.00
1070921	8.99
1070925	8.98
1070926	--
1070927	8.81
1070928	8.87
1071001	8.81
1071002	8.81
1071003	8.80
1071004	8.81
1071005	8.87
1071008	8.87
1071009	8.87
1071011	8.84
1071012	8.83
1071015	8.83
1071016	8.90
1071017	8.90
1071018	8.80
1071019	8.79
1071022	8.77
1071023	8.78
1071024	8.77
1071025	8.86
1071026	8.85
1071029	8.89
1071030	8.84
1071031	8.85
1071101	8.85
1071102	8.85
1071105	8.71
1071106	8.80
1071107	8.90
1071108	8.90
1071109	8.85
1071112	8.85
1071113	8.94
1071114	8.87
1071115	8.85
1071116	8.85
1071119	8.85
1071120	8.85
1071121	8.85
1071122	8.87
1071123	8.81
1071126	8.81
1071127	8.86
1071128	8.88
1071129	8.87
1071130	8.86
1071203	8.90
1071204	8.90
1071205	8.86
1071206	8.77
1071207	8.77
1071210	8.77
1071211	8.80
1071212	8.75
1071213	8.75
1071214	8.78
1071217	8.79
1071218	8.80
1071219	8.78
1071220	8.75
1071221	8.75
1071222	8.90
1071224	8.80
1071225	8.81
1071226	8.80
1071227	8.81
1071228	8.80
1080102	8.80
1080103	8.75
1080104	8.80
1080107	8.70
1080108	8.76
1080109	8.76
1080110	8.76
1080111	8.76
1080114	8.75
1080115	8.74
1080116	8.70
1080117	8.71
1080118	8.70
1080121	8.69
1080122	8.69
1080123	8.67
1080124	8.66
1080125	8.66
1080128	8.65
1080129	8.65
1080130	8.65
1080211	8.65
1080212	8.98
1080213	8.66
1080214	8.75
1080215	8.85
1080218	8.82
1080219	8.82
1080220	9.38
1080221	9.30
1080222	9.25
1080225	9.26
1080226	9.20
1080227	9.16
1080304	9.10
1080305	8.98
1080306	9.06
1080307	9.06
1080308	9.02
1080311	9.00
1080312	9.00
1080313	9.00
1080314	9.00
1080315	8.99
1080318	8.99
1080319	8.99
1080320	8.98
1080321	8.99
1080322	8.99
1080325	8.94
1080326	8.93
1080327	8.96
1080328	8.96
1080329	8.91
1080401	8.80
1080402	8.94
1080403	8.90
1080408	8.88
1080409	8.88
1080410	8.90
1080411	8.88
1080412	8.89
1080415	8.90
1080416	8.90
1080417	8.94
1080418	8.96
1080419	8.96
1080422	9.85
1080423	10.40
1080424	10.30
1080425	10.15
1080426	10.30
1080429	10.20
1080430	10.15
1080502	10.50
1080503	10.50
1080506	10.60
1080507	11.30
1080508	11.40
1080509	11.25
1080510	11.25
1080513	10.15
1080514	10.10
1080515	10.00
1080516	9.98
1080517	9.98
1080520	9.97
1080521	9.93
1080522	9.70
1080523	9.75
1080524	9.76
1080527	9.78
1080528	9.75
1080529	9.74
1080530	9.65
1080531	9.65
1080603	9.50
1080604	9.53
1080605	9.40
1080606	9.34
1080610	9.28
1080611	9.16
1080612	9.15
1080613	9.15
1080614	9.10
1080617	9.06
1080618	9.10
1080619	9.30
1080620	9.29
1080621	9.39
1080624	9.39
1080625	9.38
1080626	9.39
1080627	9.26
1080628	9.27
1080701	9.25
1080702	9.40
1080703	9.40
1080704	9.30
1080705	9.30
