1070102	22.15
1070103	22.70
1070104	22.95
1070105	22.70
1070108	21.90
1070109	21.80
1070110	21.70
1070111	21.75
1070112	22.20
1070115	22.35
1070116	22.50
1070117	22.70
1070118	22.45
1070119	22.10
1070122	22.10
1070123	21.90
1070124	22.15
1070125	22.20
1070126	21.90
1070129	22.15
1070130	22.10
1070131	22.35
1070201	22.15
1070202	21.85
1070205	21.05
1070206	20.15
1070207	21.00
1070208	20.50
1070209	20.10
1070212	20.00
1070221	20.40
1070222	20.60
1070223	20.85
1070226	21.00
1070227	21.00
1070301	21.20
1070302	21.00
1070305	21.05
1070306	21.10
1070307	21.75
1070308	22.05
1070309	22.00
1070312	22.25
1070313	22.30
1070314	22.00
1070315	21.85
1070316	22.00
1070319	22.30
1070320	22.45
1070321	22.55
1070322	22.65
1070323	22.60
1070326	23.00
1070327	23.30
1070328	23.05
1070329	23.40
1070330	23.10
1070331	22.70
1070402	23.00
1070403	22.30
1070409	21.30
1070410	20.95
1070411	21.05
1070412	21.10
1070413	21.35
1070416	21.30
1070417	20.60
1070418	20.75
1070419	21.00
1070420	20.85
1070423	20.25
1070424	19.75
1070425	20.10
1070426	19.65
1070427	19.95
1070430	20.00
1070502	20.10
1070503	20.05
1070504	22.05
1070507	22.50
1070508	21.90
1070509	21.80
1070510	21.65
1070511	21.20
1070514	23.15
1070515	22.60
1070516	22.10
1070517	22.70
1070518	22.30
1070521	22.05
1070522	22.60
1070523	23.00
1070524	22.80
1070525	22.80
1070528	23.20
1070529	23.15
1070530	23.30
1070531	23.75
1070601	24.30
1070604	24.90
1070605	25.00
1070606	25.20
1070607	24.95
1070608	25.00
1070611	25.00
1070612	24.60
1070613	24.00
1070614	23.40
1070615	24.80
1070619	24.80
1070620	23.90
1070621	23.75
1070622	24.40
1070625	24.00
1070626	23.45
1070627	23.30
1070628	22.95
1070629	23.25
1070702	23.30
1070703	22.40
1070704	23.00
1070705	22.70
1070706	22.50
1070709	22.40
1070710	22.50
1070711	22.80
1070712	22.55
1070713	24.00
1070716	23.70
1070717	23.50
1070718	23.40
1070719	23.25
1070720	22.90
1070723	22.50
1070724	23.10
1070725	23.90
1070726	23.95
1070727	23.25
1070730	22.65
1070731	22.75
1070801	23.00
1070802	22.85
1070803	22.70
1070806	22.65
1070807	22.50
1070808	22.25
1070809	22.15
1070810	22.00
1070813	21.05
1070814	20.80
1070815	20.55
1070816	20.35
1070817	20.50
1070820	20.35
1070821	20.55
1070822	20.35
1070823	20.35
1070824	20.15
1070827	20.45
1070828	21.05
1070829	21.50
1070830	21.20
1070831	21.15
1070903	20.65
1070904	20.80
1070905	20.40
1070906	20.30
1070907	19.80
1070910	18.75
1070911	19.00
1070912	18.85
1070913	18.95
1070914	19.30
1070917	19.05
1070918	18.80
1070919	19.05
1070920	19.00
1070921	19.20
1070925	19.00
1070926	19.00
1070927	18.75
1070928	18.65
1071001	18.80
1071002	18.75
1071003	18.60
1071004	17.95
1071005	16.30
1071008	16.15
1071009	16.20
1071011	14.60
1071012	14.80
1071015	14.75
1071016	15.90
1071017	15.60
1071018	15.70
1071019	15.25
1071022	15.40
1071023	14.80
1071024	15.05
1071025	13.85
1071026	13.70
1071029	13.70
1071030	13.45
1071031	14.05
1071101	15.10
1071102	15.80
1071105	15.60
1071106	15.50
1071107	15.80
1071108	15.50
1071109	15.45
1071112	15.00
1071113	14.75
1071114	14.65
1071115	14.60
1071116	15.00
1071119	15.05
1071120	15.00
1071121	14.95
1071122	15.00
1071123	15.00
1071126	14.90
1071127	15.20
1071128	15.35
1071129	15.45
1071130	15.75
1071203	16.10
1071204	16.50
1071205	15.90
1071206	15.25
1071207	15.40
1071210	14.85
1071211	14.85
1071212	15.50
1071213	16.10
1071214	15.95
1071217	15.60
1071218	15.40
1071219	15.60
1071220	14.70
1071221	14.50
1071222	14.60
1071224	14.80
1071225	14.80
1071226	15.50
1071227	15.40
1071228	15.60
1080102	15.20
1080103	15.05
1080104	14.90
1080107	15.10
1080108	15.10
1080109	15.25
1080110	14.90
1080111	14.75
1080114	14.70
1080115	14.80
1080116	15.65
1080117	15.30
1080118	15.25
1080121	15.35
1080122	15.15
1080123	14.95
1080124	15.05
1080125	15.15
1080128	15.00
1080129	15.10
1080130	15.00
1080211	15.00
1080212	15.20
1080213	15.30
1080214	15.40
1080215	15.45
1080218	15.50
1080219	15.60
1080220	15.50
1080221	15.55
1080222	15.65
1080225	15.65
1080226	15.90
1080227	15.85
1080304	15.50
1080305	15.45
1080306	16.95
1080307	18.60
1080308	18.70
1080311	18.75
1080312	18.30
1080313	18.20
1080314	17.45
1080315	18.25
1080318	17.70
1080319	17.70
1080320	17.95
1080321	17.85
1080322	17.50
1080325	16.35
1080326	16.65
1080327	16.90
1080328	16.60
1080329	16.75
1080401	16.80
1080402	16.65
1080403	16.70
1080408	17.85
1080409	17.65
1080410	17.65
1080411	17.40
1080412	17.05
1080415	17.35
1080416	19.05
1080417	18.40
1080418	18.15
1080419	18.65
1080422	18.65
1080423	18.20
1080424	18.20
1080425	18.15
1080426	17.80
1080429	17.40
1080430	17.60
1080502	17.75
1080503	17.60
1080506	16.45
1080507	16.60
1080508	16.05
1080509	15.55
1080510	15.25
1080513	14.85
1080514	15.10
1080515	15.35
1080516	15.00
1080517	14.50
1080520	14.35
1080521	14.35
1080522	14.40
1080523	14.00
1080524	14.00
1080527	13.80
1080528	13.95
1080529	13.85
1080530	14.05
1080531	14.35
1080603	14.10
1080604	14.00
1080605	14.00
1080606	13.80
1080610	14.10
1080611	14.20
1080612	14.35
1080613	14.25
1080614	14.20
1080617	14.10
1080618	13.85
1080619	14.10
1080620	14.25
1080621	14.05
1080624	14.05
1080625	13.90
1080626	13.80
1080627	13.85
1080628	13.75
