1070102	17.75
1070103	18.60
1070104	18.40
1070105	18.45
1070108	19.05
1070109	19.30
1070110	19.05
1070111	18.65
1070112	18.80
1070115	18.70
1070116	18.95
1070117	18.95
1070118	18.80
1070119	18.65
1070122	18.55
1070123	18.15
1070124	18.20
1070125	18.05
1070126	17.95
1070129	17.95
1070130	17.80
1070131	17.80
1070201	17.90
1070202	17.90
1070205	17.75
1070206	16.65
1070207	16.85
1070208	16.70
1070209	16.00
1070212	16.20
1070221	16.50
1070222	16.85
1070223	16.90
1070226	17.10
1070227	16.95
1070301	16.85
1070302	16.75
1070305	16.80
1070306	16.90
1070307	16.90
1070308	17.20
1070309	17.35
1070312	17.20
1070313	17.15
1070314	17.20
1070315	17.15
1070316	17.15
1070319	17.20
1070320	17.20
1070321	17.05
1070322	17.00
1070323	16.70
1070326	16.70
1070327	16.95
1070328	17.00
1070329	17.35
1070330	17.40
1070331	17.45
1070402	17.65
1070403	18.15
1070409	18.80
1070410	18.45
1070411	18.85
1070412	18.80
1070413	18.50
1070416	18.55
1070417	17.90
1070418	17.95
1070419	18.50
1070420	18.30
1070423	18.50
1070424	18.30
1070425	18.20
1070426	18.10
1070427	18.35
1070430	18.60
1070502	18.75
1070503	18.70
1070504	18.50
1070507	18.45
1070508	17.80
1070509	17.85
1070510	17.55
1070511	17.05
1070514	17.20
1070515	17.35
1070516	18.40
1070517	18.15
1070518	18.15
1070521	18.35
1070522	18.20
1070523	18.40
1070524	18.70
1070525	18.70
1070528	18.80
1070529	18.85
1070530	18.80
1070531	20.25
1070601	19.90
1070604	20.15
1070605	20.75
1070606	22.80
1070607	24.15
1070608	23.50
1070611	23.60
1070612	23.85
1070613	23.35
1070614	22.35
1070615	22.75
1070619	22.65
1070620	22.55
1070621	22.65
1070622	22.80
1070625	23.95
1070626	23.60
1070627	23.80
1070628	23.50
1070629	23.50
1070702	22.85
1070703	21.40
1070704	21.70
1070705	21.55
1070706	21.20
1070709	21.80
1070710	22.15
1070711	22.35
1070712	21.35
1070713	21.05
1070716	20.60
1070717	20.55
1070718	20.20
1070719	19.75
1070720	19.75
1070723	19.55
1070724	20.00
1070725	19.70
1070726	19.70
1070727	19.75
1070730	19.80
1070731	19.95
1070801	19.85
1070802	19.55
1070803	19.45
1070806	20.05
1070807	20.05
1070808	20.45
1070809	20.10
1070810	20.10
1070813	19.30
1070814	19.30
1070815	18.65
1070816	18.70
1070817	18.60
1070820	18.30
1070821	18.35
1070822	18.65
1070823	18.75
1070824	18.65
1070827	19.00
1070828	18.90
1070829	18.80
1070830	18.85
1070831	18.90
1070903	18.75
1070904	18.75
1070905	18.65
1070906	18.40
1070907	17.60
1070910	17.05
1070911	17.55
1070912	17.75
1070925	18.90
1070926	18.80
1070927	18.80
1070928	18.55
1071001	18.55
1071002	18.55
1071003	18.50
1071004	18.20
1071005	17.50
1071008	17.80
1071009	17.30
1071011	16.20
1071012	17.25
1071015	17.00
1071016	17.00
1071017	17.00
1071018	16.90
1071019	16.65
1071022	16.55
1071023	16.20
1071024	15.90
1071025	15.25
1071026	15.30
1071029	15.15
1071030	14.95
1071031	15.30
1071101	15.50
1071102	15.45
1071105	15.30
1071106	15.00
1071107	15.20
1071108	15.35
1071109	15.30
1071112	15.15
1071113	15.00
1071114	15.15
1071115	15.30
1071116	15.20
1071119	15.15
1071120	15.10
1071121	15.10
1071122	15.05
1071123	15.00
1071126	15.15
1071127	15.35
1071128	16.00
1071129	16.00
1071130	16.20
1071203	16.20
1071204	16.30
1071205	16.20
1071206	16.00
1071207	16.30
1071210	16.40
1071211	16.65
1071212	16.80
1071213	16.75
1071214	16.65
1071217	16.60
1071218	16.35
1071219	16.30
1071220	16.05
1071221	16.05
1071222	16.10
1071224	16.10
1071225	15.90
1071226	15.65
1071227	15.75
1071228	15.55
1080102	15.65
1080103	15.80
1080104	15.55
1080107	15.70
1080108	15.60
1080109	15.75
1080110	15.70
1080111	15.35
1080114	15.35
1080115	15.45
1080116	15.50
1080117	15.55
1080118	15.55
1080121	15.55
1080122	15.60
1080123	15.60
1080124	15.55
1080125	15.50
1080128	16.30
1080129	16.10
1080130	15.95
1080211	16.00
1080212	16.05
1080213	16.00
1080214	16.15
1080215	15.90
1080218	15.80
1080219	16.05
1080220	16.10
1080221	16.10
1080222	16.00
1080225	16.10
1080226	16.10
1080227	16.00
1080304	16.65
1080305	18.30
1080306	19.95
1080307	19.75
1080308	19.80
1080311	19.85
1080312	19.70
1080313	19.40
1080314	19.65
1080315	19.70
1080318	19.60
1080319	19.70
1080320	19.65
1080321	19.65
1080322	19.65
1080325	19.65
1080326	19.75
1080327	20.15
1080328	20.15
1080329	20.05
1080401	20.05
1080402	20.05
1080403	20.05
1080408	20.00
1080409	20.05
1080410	20.00
1080411	19.30
1080412	19.55
1080415	19.45
1080416	19.45
1080417	19.25
1080418	19.30
1080419	19.30
1080422	19.15
1080423	19.15
1080424	19.35
1080425	19.20
1080426	19.30
1080429	19.10
1080430	18.95
1080502	19.05
1080503	19.05
1080506	18.90
1080507	19.05
1080508	19.00
1080509	18.85
1080510	18.90
1080513	18.90
1080514	18.80
1080515	18.80
1080516	18.60
1080517	18.10
1080520	18.35
1080521	18.30
1080522	18.30
1080523	18.35
1080524	18.20
1080527	19.45
1080528	19.50
1080529	19.05
1080530	19.05
1080531	19.05
1080603	19.25
1080604	19.00
1080605	19.05
1080606	18.85
1080610	19.00
1080611	19.05
1080612	19.05
1080613	18.95
1080614	19.00
1080617	19.10
1080618	19.10
1080619	19.15
1080620	19.15
1080621	19.15
1080624	19.55
1080625	19.45
1080626	17.20
1080627	17.10
1080628	17.00
1080701	16.95
1080702	16.80
1080703	16.60
1080704	16.80
1080705	16.90
