1070102	20.15
1070103	20.00
1070104	20.00
1070105	20.10
1070108	20.05
1070109	20.10
1070110	19.90
1070111	20.15
1070112	20.85
1070115	20.90
1070116	22.95
1070117	23.05
1070118	22.50
1070119	22.65
1070122	22.15
1070123	22.05
1070124	21.80
1070125	21.65
1070126	21.30
1070129	21.30
1070130	20.85
1070131	21.20
1070201	21.25
1070202	21.25
1070205	20.80
1070206	19.75
1070207	19.70
1070208	20.00
1070209	19.00
1070212	19.05
1070221	19.25
1070222	19.65
1070223	20.10
1070226	20.00
1070227	20.05
1070301	20.00
1070302	19.95
1070305	21.10
1070306	21.50
1070307	21.00
1070308	21.20
1070309	20.90
1070312	21.60
1070313	21.50
1070314	21.15
1070315	21.05
1070316	21.10
1070319	21.25
1070320	21.20
1070321	21.05
1070322	21.00
1070323	20.95
1070326	20.95
1070327	21.00
1070328	21.60
1070329	21.10
1070330	21.10
1070331	20.85
1070402	20.70
1070403	20.55
1070409	20.25
1070410	20.80
1070411	21.70
1070412	21.10
1070413	20.65
1070416	20.55
1070417	20.15
1070418	20.10
1070419	20.25
1070420	20.10
1070423	20.15
1070424	20.00
1070425	20.00
1070426	19.95
1070427	19.95
1070430	19.90
1070502	20.10
1070503	20.05
1070504	19.90
1070507	19.90
1070508	19.80
1070509	20.05
1070510	19.65
1070511	19.85
1070514	19.95
1070515	19.70
1070516	19.60
1070517	19.55
1070518	19.40
1070521	19.30
1070522	19.55
1070523	19.30
1070524	19.40
1070525	19.40
1070528	19.35
1070529	19.00
1070530	19.30
1070531	19.75
1070601	19.85
1070604	19.70
1070605	19.70
1070606	20.20
1070607	20.60
1070608	20.50
1070611	20.10
1070612	20.20
1070613	20.05
1070614	19.80
1070615	19.90
1070619	19.70
1070620	19.50
1070621	19.45
1070622	19.35
1070625	19.85
1070626	19.45
1070627	19.25
1070628	19.25
1070629	19.30
1070702	19.00
1070703	18.30
1070704	18.05
1070705	18.25
1070706	18.15
1070709	18.10
1070710	18.10
1070711	18.50
1070712	18.50
1070713	18.55
1070716	18.00
1070717	17.85
1070718	17.80
1070719	17.90
1070720	17.80
1070723	17.80
1070724	17.80
1070725	17.85
1070726	18.15
1070727	18.10
1070730	18.00
1070731	18.00
1070801	18.00
1070802	17.90
1070803	18.00
1070806	18.10
1070807	18.10
1070808	18.90
1070809	18.80
1070810	18.70
1070813	17.90
1070814	18.40
1070815	18.25
1070816	18.25
1070817	18.15
1070820	18.10
1070821	18.30
1070822	18.40
1070823	18.25
1070824	18.50
1070827	18.45
1070828	18.70
1070829	18.70
1070830	18.70
1070831	18.55
1070903	19.40
1070904	19.25
1070905	19.10
1070906	19.25
1070907	19.20
1070910	18.70
1070911	18.15
1070912	18.10
1070913	18.20
1070914	18.55
1070917	18.40
1070918	18.35
1070919	18.45
1070920	18.50
1070921	18.30
1070925	18.25
1070926	18.15
1070927	18.25
1070928	18.05
1071001	18.20
1071002	18.05
1071003	18.20
1071004	18.20
1071005	18.15
1071008	18.05
1071009	17.90
1071011	16.15
1071012	15.50
1071015	15.55
1071016	15.55
1071017	15.60
1071018	15.40
1071019	15.15
1071022	15.10
1071023	15.25
1071024	15.35
1071025	14.85
1071026	14.70
1071029	14.50
1071030	14.15
1071031	14.35
1071101	14.20
1071102	14.10
1071105	14.10
1071106	14.15
1071107	14.20
1071108	14.10
1071109	14.00
1071112	14.10
1071113	14.15
1071114	14.20
1071115	14.20
1071116	14.20
1071119	14.40
1071120	15.80
1071121	15.80
1071122	15.10
1071123	14.65
1071126	14.95
1071127	16.40
1071128	18.00
1071129	16.80
1071130	16.50
1071203	16.65
1071204	16.75
1071205	16.30
1071206	15.30
1071207	15.60
1071210	15.50
1071211	15.75
1071212	15.90
1071213	15.90
1071214	15.55
1071217	15.50
1071218	15.35
1071219	15.30
1071220	14.80
1071221	15.00
1071222	14.80
1071224	15.35
1071225	15.20
1071226	15.25
1071227	15.10
1071228	15.05
1080102	15.05
1080103	14.95
1080104	14.95
1080107	15.00
1080108	14.90
1080109	14.95
1080110	15.10
1080111	15.10
1080114	14.95
1080115	14.85
1080116	14.95
1080117	15.00
1080118	14.90
1080121	15.00
1080122	14.95
1080123	14.95
1080124	14.95
1080125	14.95
1080128	15.00
1080129	14.95
1080130	14.90
1080211	15.10
1080212	15.15
1080213	15.10
1080214	14.90
1080215	15.10
1080218	16.30
1080219	16.35
1080220	16.20
1080221	16.35
1080222	16.30
1080225	16.15
1080226	16.00
1080227	15.90
1080304	15.80
1080305	16.00
1080306	15.85
1080307	15.95
1080308	15.65
1080311	15.50
1080312	15.45
1080313	15.45
1080314	15.45
1080315	15.40
1080318	15.35
1080319	15.45
1080320	15.50
1080321	15.50
1080322	15.45
1080325	15.15
1080326	15.20
1080327	15.15
1080328	14.85
1080329	14.85
1080401	14.75
1080402	14.85
1080403	14.75
1080408	15.05
1080409	15.35
1080410	15.90
1080411	15.50
1080412	15.10
1080415	14.75
1080416	14.70
1080417	14.75
1080418	14.85
1080419	15.00
1080422	14.80
1080423	14.75
1080424	14.70
1080425	14.65
1080426	14.65
1080429	14.30
1080430	14.15
1080502	14.05
1080503	14.15
1080506	14.15
1080507	14.10
1080508	14.10
1080509	14.00
1080510	14.05
1080513	13.90
1080514	13.75
1080515	14.10
1080516	13.85
1080517	13.55
1080520	13.75
1080521	13.95
1080522	14.25
1080523	14.15
1080524	14.10
1080527	13.95
1080528	13.85
1080529	13.65
1080530	13.65
1080531	--
1080603	13.60
1080604	13.80
1080605	13.70
1080606	13.65
1080610	13.60
1080611	13.70
1080612	13.50
1080613	13.50
1080614	13.55
1080617	13.60
1080618	13.45
1080619	13.45
1080620	13.55
1080621	13.60
1080624	13.60
1080625	13.55
1080626	13.65
1080627	13.60
1080628	13.60
1080701	13.70
1080702	13.65
1080703	13.65
1080704	13.70
1080705	13.90
