1070102	2.17
1070103	--
1070104	2.13
1070105	2.13
1070108	2.18
1070109	2.15
1070110	2.14
1070111	2.19
1070112	2.15
1070115	2.14
1070116	2.27
1070117	2.28
1070118	2.26
1070119	2.26
1070122	2.25
1070123	2.22
1070124	2.16
1070125	2.16
1070126	2.15
1070129	2.21
1070130	2.18
1070131	2.36
1070201	2.26
1070202	2.26
1070205	2.16
1070206	2.06
1070207	2.11
1070208	2.11
1070209	2.11
1070212	2.28
1070221	2.20
1070222	2.37
1070223	2.42
1070226	--
1070227	2.30
1070301	2.23
1070302	--
1070305	2.16
1070306	2.25
1070307	2.28
1070308	2.19
1070309	2.40
1070312	2.60
1070313	2.56
1070314	2.55
1070315	2.57
1070316	2.41
1070319	2.41
1070320	2.46
1070321	2.40
1070322	2.31
1070323	2.34
1070326	2.39
1070327	2.36
1070328	--
1070329	2.24
1070330	2.14
1070331	2.21
1070402	2.30
1070403	2.22
1070409	2.38
1070410	2.33
1070411	2.33
1070412	2.29
1070413	2.26
1070416	2.35
1070417	2.40
1070418	2.30
1070419	2.30
1070420	2.33
1070423	2.37
1070424	2.33
1070425	2.42
1070426	2.20
1070427	2.21
1070430	--
1070502	2.17
1070503	2.12
1070504	2.06
1070507	2.12
1070508	2.12
1070509	2.08
1070510	2.10
1070511	2.20
1070514	2.37
1070515	2.34
1070516	2.35
1070517	2.57
1070518	2.37
1070521	2.48
1070522	2.40
1070523	2.33
1070524	2.29
1070525	2.34
1070528	2.30
1070529	2.22
1070530	2.32
1070531	2.30
1070601	2.31
1070604	2.31
1070605	2.33
1070606	2.34
1070607	2.53
1070608	2.78
1070611	3.05
1070612	3.35
1070613	3.68
1070614	4.04
1070615	4.44
1070619	4.88
1070620	5.36
1070621	5.89
1070622	6.47
1070625	7.11
1070626	6.40
1070627	5.76
1070628	5.80
1070629	5.22
1070702	5.21
1070703	5.00
1070704	4.75
1070705	4.95
1070706	4.95
1070709	4.95
1070710	4.85
1070711	4.37
1070712	4.80
1070713	5.25
1070716	5.43
1070717	5.43
1070718	4.90
1070719	5.00
1070720	4.96
1070723	4.60
1070724	4.50
1070725	4.05
1070726	4.00
1070727	3.90
1070730	3.72
1070731	3.85
1070801	3.85
1070802	3.80
1070803	3.76
1070806	3.71
1070807	4.08
1070808	4.16
1070809	4.12
1070810	4.18
1070813	4.30
1070814	4.21
1070815	4.63
1070816	4.56
1070817	5.01
1070820	5.18
1070821	4.79
1070822	5.26
1070823	4.88
1070824	4.40
1070827	4.10
1070828	4.11
1070829	4.15
1070830	4.12
1070831	4.12
1070903	4.52
1070904	4.70
1070905	4.43
1070906	4.32
1070907	4.38
1070910	4.10
1070911	--
1070912	4.22
1070913	4.15
1070914	4.25
1070917	4.11
1070918	3.96
1070919	4.00
1070920	3.95
1070921	4.13
1070925	4.08
1070926	4.00
1070927	4.00
1070928	4.03
1071001	4.00
1071002	3.96
1071003	4.23
1071004	4.28
1071005	3.97
1071008	4.15
1071009	4.00
1071011	3.60
1071012	3.84
1071015	3.89
1071016	4.00
1071017	3.90
1071018	3.82
1071019	3.95
1071022	3.75
1071023	3.75
1071024	--
1071025	3.45
1071026	3.45
1071029	3.13
1071030	--
1071031	3.26
1071101	3.47
1071102	3.32
1071105	--
1071106	--
1071107	3.20
1071108	3.21
1071109	--
1071112	3.31
1071113	3.05
1071114	3.06
1071115	2.82
1071116	3.09
1071119	3.15
1071120	3.21
1071121	3.23
1071122	3.20
1071123	3.38
1071126	3.13
1071127	3.27
1071128	3.22
1071129	3.40
1071130	3.50
1071203	3.55
1071204	3.44
1071205	3.22
1071206	3.25
1071207	3.22
1071210	--
1071211	3.22
1071212	3.22
1071213	2.98
1071214	3.09
1071217	3.00
1071218	3.05
1071219	3.20
1071220	3.10
1071221	3.25
1071222	3.12
1071224	3.07
1071225	2.89
1071226	2.90
1071227	2.92
1071228	2.93
1080102	2.93
1080103	2.93
1080104	--
1080107	--
1080108	2.64
1080109	2.65
1080110	2.59
1080111	2.84
1080114	3.11
1080115	3.07
1080116	2.99
1080117	2.95
1080118	2.78
1080121	2.68
1080122	2.70
1080123	2.66
1080124	--
1080125	2.70
1080128	--
1080129	2.80
1080130	2.68
1080211	2.75
1080212	2.75
1080213	2.69
1080214	2.88
1080215	2.86
1080218	2.78
1080219	2.88
1080220	2.95
1080221	2.98
1080222	2.98
1080225	2.91
1080226	2.93
1080227	3.00
1080304	3.21
1080305	3.10
1080306	3.05
1080307	2.97
1080308	3.04
1080311	2.88
1080312	2.97
1080313	2.94
1080314	3.02
1080315	2.91
1080318	3.00
1080319	2.89
1080320	2.83
1080321	2.86
1080322	3.09
1080325	3.10
1080326	3.28
1080327	3.05
1080328	3.00
1080329	3.05
1080401	2.93
1080402	3.00
1080403	2.97
1080408	3.05
1080409	3.03
1080410	3.05
1080411	2.90
1080412	3.10
1080415	3.34
1080416	3.65
1080417	4.01
1080418	4.29
1080419	4.06
1080422	3.73
1080423	3.36
1080424	3.28
1080425	3.20
1080426	3.05
1080429	3.15
1080430	3.21
1080502	3.10
1080503	3.17
1080506	2.98
1080507	3.06
1080508	3.11
1080509	3.10
1080510	3.20
1080513	3.15
1080514	3.10
1080515	3.30
1080516	3.52
1080517	3.52
1080520	3.30
1080521	--
1080522	3.13
1080523	3.10
1080524	2.95
1080527	2.99
1080528	3.03
1080529	3.04
1080530	3.09
1080531	3.09
1080603	3.00
1080604	3.02
1080605	3.03
1080606	3.10
1080610	2.98
1080611	3.02
1080612	3.04
1080613	3.05
1080614	3.05
1080617	3.12
1080618	--
1080619	3.11
1080620	3.06
1080621	3.08
1080624	3.08
1080625	3.10
1080626	3.14
1080627	3.34
1080628	3.58
1080701	3.39
1080702	3.40
1080703	3.39
1080704	3.23
1080705	3.23
