1070102	7.74
1070103	7.72
1070104	7.75
1070105	7.71
1070108	7.75
1070109	7.69
1070110	7.61
1070111	7.54
1070112	7.59
1070115	7.58
1070116	7.68
1070117	7.70
1070118	7.69
1070119	7.61
1070122	7.64
1070123	7.85
1070124	8.05
1070125	8.02
1070126	7.94
1070129	7.77
1070130	7.78
1070131	7.76
1070201	7.79
1070202	7.73
1070205	7.76
1070206	7.10
1070207	7.20
1070208	7.24
1070209	7.15
1070212	7.10
1070221	7.30
1070222	7.25
1070223	7.18
1070226	7.25
1070227	7.27
1070301	7.14
1070302	7.10
1070305	7.06
1070306	7.15
1070307	7.45
1070308	7.43
1070309	7.52
1070312	7.37
1070313	7.42
1070314	7.36
1070315	7.48
1070316	7.43
1070319	7.39
1070320	7.48
1070321	7.55
1070322	7.52
1070323	7.28
1070326	7.27
1070327	7.26
1070328	7.29
1070329	7.19
1070330	7.16
1070331	7.16
1070402	7.10
1070403	7.19
1070409	7.23
1070410	7.24
1070411	7.25
1070412	7.21
1070413	7.22
1070416	7.22
1070417	7.21
1070418	7.21
1070419	7.28
1070420	7.28
1070423	7.22
1070424	7.05
1070425	7.15
1070426	6.96
1070427	6.96
1070430	7.08
1070502	7.10
1070503	7.09
1070504	7.08
1070507	7.18
1070508	7.19
1070509	7.26
1070510	7.26
1070511	7.24
1070514	7.10
1070515	7.10
1070516	7.15
1070517	7.15
1070518	7.15
1070521	7.19
1070522	7.13
1070523	7.09
1070524	7.14
1070525	7.21
1070528	7.17
1070529	7.08
1070530	7.11
1070531	7.10
1070601	7.81
1070604	8.11
1070605	7.68
1070606	7.90
1070607	7.90
1070608	7.90
1070611	7.93
1070612	8.10
1070613	7.93
1070614	8.00
1070615	7.97
1070619	8.20
1070620	8.11
1070621	8.17
1070622	8.09
1070625	8.89
1070626	8.25
1070627	8.19
1070628	8.13
1070629	8.50
1070702	8.41
1070703	8.31
1070704	8.16
1070705	8.33
1070706	8.11
1070709	8.04
1070710	8.00
1070711	8.17
1070712	8.03
1070713	8.03
1070716	8.03
1070717	8.01
1070718	7.95
1070719	8.02
1070720	7.91
1070723	7.80
1070724	7.77
1070725	7.85
1070726	7.86
1070727	7.86
1070730	7.85
1070731	7.90
1070801	7.96
1070802	7.81
1070803	7.82
1070806	7.80
1070807	7.77
1070808	7.73
1070809	7.71
1070810	7.69
1070813	7.50
1070814	7.46
1070815	7.32
1070816	7.15
1070817	7.05
1070820	6.88
1070821	6.95
1070822	6.97
1070823	7.08
1070824	7.04
1070827	7.12
1070828	7.15
1070829	7.15
1070830	7.14
1070831	7.22
1070903	7.15
1070904	7.09
1070905	7.10
1070906	7.12
1070907	6.99
1070910	6.68
1070911	6.44
1070912	5.98
1070913	5.85
1070914	5.96
1070917	5.87
1070918	5.70
1070919	5.75
1070920	5.61
1070921	5.66
1070925	5.70
1070926	5.63
1070927	5.60
1070928	5.60
1071001	5.63
1071002	5.70
1071003	5.61
1071004	5.50
1071005	5.27
1071008	5.17
1071009	4.94
1071011	4.45
1071012	4.37
1071015	4.50
1071016	4.52
1071017	4.71
1071018	4.72
1071019	4.70
1071022	4.81
1071023	4.70
1071024	4.68
1071025	4.64
1071026	4.43
1071029	4.38
1071030	4.21
1071031	4.33
1071101	4.65
1071102	4.98
1071105	4.88
1071106	4.70
1071107	4.72
1071108	4.77
1071109	4.69
1071112	4.52
1071113	4.46
1071114	4.50
1071115	4.43
1071116	4.45
1071119	4.67
1071120	4.59
1071121	4.58
1071122	4.55
1071123	4.45
1071126	4.53
1071127	4.57
1071128	4.63
1071129	4.72
1071130	4.81
1071203	4.90
1071204	4.90
1071205	4.88
1071206	4.75
1071207	4.87
1071210	4.74
1071211	4.75
1071212	4.76
1071213	4.77
1071214	4.75
1071217	4.76
1071218	4.73
1071219	4.71
1071220	4.63
1071221	4.62
1071222	4.65
1071224	4.70
1071225	4.68
1071226	4.31
1071227	4.47
1071228	4.43
1080102	4.45
1080103	4.44
1080104	4.42
1080107	4.52
1080108	4.46
1080109	4.58
1080110	4.54
1080111	4.58
1080114	4.63
1080115	4.57
1080116	4.64
1080117	4.60
1080118	4.65
1080121	4.62
1080122	4.60
1080123	4.60
1080124	4.60
1080125	4.63
1080128	4.68
1080129	4.80
1080130	4.77
1080211	4.74
1080212	4.66
1080213	4.70
1080214	4.69
1080215	4.63
1080218	4.68
1080219	4.70
1080220	4.67
1080221	4.72
1080222	5.19
1080225	5.17
1080226	5.10
1080227	5.13
1080304	5.07
1080305	4.98
1080306	4.99
1080307	5.08
1080308	5.03
1080311	5.05
1080312	5.06
1080313	5.08
1080314	5.10
1080315	5.07
1080318	4.98
1080319	5.01
1080320	5.00
1080321	5.03
1080322	5.00
1080325	5.00
1080326	5.01
1080327	4.99
1080328	4.97
1080329	4.99
1080401	5.01
1080402	5.02
1080403	5.00
1080408	4.98
1080409	4.96
1080410	4.96
1080411	5.14
1080412	5.07
1080415	5.19
1080416	5.10
1080417	5.15
1080418	5.26
1080419	5.33
1080422	5.20
1080423	5.21
1080424	5.12
1080425	5.21
1080426	5.14
1080429	5.06
1080430	5.18
1080502	5.26
1080503	5.28
1080506	5.16
1080507	5.16
1080508	5.18
1080509	5.18
1080510	5.14
1080513	5.09
1080514	5.08
1080515	5.09
1080516	5.09
1080517	5.05
1080520	5.02
1080521	5.02
1080522	5.01
1080523	4.95
1080524	5.00
1080527	4.98
1080528	5.00
1080529	5.00
1080530	5.01
1080531	5.01
1080603	4.98
1080604	4.98
1080605	4.99
1080606	4.99
1080610	4.96
1080611	5.00
1080612	4.95
1080613	5.01
1080614	5.02
1080617	5.02
1080618	5.00
1080619	5.01
1080620	5.02
1080621	5.03
1080624	5.00
1080625	5.00
1080626	5.00
1080627	5.00
1080628	5.02
1080701	5.04
1080702	5.03
1080703	5.04
1080704	5.04
1080705	5.08
