1070102	81.90
1070103	82.20
1070104	83.00
1070105	83.00
1070108	81.20
1070109	83.00
1070110	82.50
1070111	81.70
1070112	83.80
1070115	84.10
1070116	87.30
1070117	89.00
1070118	87.60
1070119	89.80
1070122	90.50
1070123	88.80
1070124	89.80
1070125	88.70
1070126	89.00
1070129	87.80
1070130	88.40
1070131	89.00
1070201	88.30
1070202	87.40
1070205	86.50
1070206	81.10
1070207	82.90
1070208	83.00
1070209	82.40
1070212	83.10
1070221	83.00
1070222	85.70
1070223	84.20
1070226	83.90
1070227	83.20
1070301	82.50
1070302	81.10
1070305	80.20
1070306	80.50
1070307	80.80
1070308	80.60
1070309	82.90
1070312	83.10
1070313	83.00
1070314	83.30
1070315	83.10
1070316	83.50
1070319	83.90
1070320	88.00
1070321	86.90
1070322	87.00
1070323	84.80
1070326	84.00
1070327	85.20
1070328	84.50
1070329	84.50
1070330	84.20
1070331	86.00
1070402	86.40
1070403	86.00
1070409	84.40
1070410	83.80
1070411	85.90
1070412	85.00
1070413	84.70
1070416	84.70
1070417	83.30
1070418	83.10
1070419	84.00
1070420	83.80
1070423	82.70
1070424	80.40
1070425	80.40
1070426	79.20
1070427	79.80
1070430	80.30
1070502	80.00
1070503	79.60
1070504	79.60
1070507	79.90
1070508	80.10
1070509	80.50
1070510	80.40
1070511	80.60
1070514	79.90
1070515	80.00
1070516	80.10
1070517	80.00
1070518	80.70
1070521	81.50
1070522	82.40
1070523	82.20
1070524	81.80
1070525	81.30
1070528	83.20
1070529	83.20
1070530	81.90
1070531	81.70
1070601	82.10
1070604	82.20
1070605	82.40
1070606	83.00
1070607	82.20
1070608	81.50
1070611	83.50
1070612	83.10
1070613	82.70
1070614	82.20
1070615	81.90
1070619	80.20
1070620	79.90
1070621	80.00
1070622	79.40
1070625	79.50
1070626	79.30
1070627	79.60
1070628	79.00
1070629	79.90
1070702	79.40
1070703	78.90
1070704	79.70
1070705	79.30
1070706	79.00
1070709	79.20
1070710	80.10
1070711	79.20
1070712	79.40
1070713	80.20
1070716	80.90
1070717	81.70
1070718	82.00
1070719	81.00
1070720	81.60
1070723	81.10
1070724	82.80
1070725	83.00
1070726	83.60
1070727	84.90
1070730	84.00
1070731	83.90
1070801	83.70
1070802	82.80
1070803	82.60
1070806	82.60
1070807	82.80
1070808	83.00
1070809	83.00
1070810	82.50
1070813	82.00
1070814	83.10
1070815	83.10
1070816	77.80
1070817	77.80
1070820	77.50
1070821	77.90
1070822	77.50
1070823	76.50
1070824	75.60
1070827	76.30
1070828	77.70
1070829	77.80
1070830	77.90
1070831	78.00
1070903	77.10
1070904	77.10
1070905	76.50
1070906	76.00
1070907	74.20
1070910	70.90
1070911	72.00
1070912	71.90
1070913	73.00
1070914	73.70
1070917	73.60
1070918	73.20
1070919	72.90
1070920	70.00
1070921	70.30
1070925	71.60
1070926	71.40
1070927	70.50
1070928	70.70
1071001	71.10
1071002	71.50
1071003	71.50
1071004	70.40
1071005	69.20
1071008	69.50
1071009	69.60
1071011	65.40
1071012	67.80
1071015	66.80
1071016	66.70
1071017	66.80
1071018	66.20
1071019	66.40
1071022	66.00
1071023	65.30
1071024	64.60
1071025	62.40
1071026	61.50
1071029	60.70
1071030	61.30
1071031	64.00
1071101	64.20
1071102	64.50
1071105	65.00
1071106	64.90
1071107	67.40
1071108	67.80
1071109	66.80
1071112	67.00
1071113	66.90
1071114	67.30
1071115	67.60
1071116	68.80
1071119	68.90
1071120	67.50
1071121	67.30
1071122	67.70
1071123	67.70
1071126	67.80
1071127	68.40
1071128	70.00
1071129	70.30
1071130	70.80
1071203	72.00
1071204	71.40
1071205	70.30
1071206	69.60
1071207	69.90
1071210	70.20
1071211	71.10
1071212	71.80
1071213	71.70
1071214	71.00
1071217	71.00
1071218	71.50
1071219	72.10
1071220	70.60
1071221	69.10
1071222	69.70
1071224	69.70
1071225	68.80
1071226	68.80
1071227	69.30
1071228	69.60
1080102	69.40
1080103	68.70
1080104	67.90
1080107	69.00
1080108	68.70
1080109	69.60
1080110	70.20
1080111	70.40
1080114	70.00
1080115	70.10
1080116	69.80
1080117	69.60
1080118	70.20
1080121	70.30
1080122	69.40
1080123	70.50
1080124	70.60
1080125	71.00
1080128	71.00
1080129	70.40
1080130	71.00
1080211	71.60
1080212	73.00
1080213	73.90
1080214	73.70
1080215	72.30
1080218	73.10
1080219	74.90
1080220	74.90
1080221	75.60
1080222	75.70
1080225	77.20
1080226	77.30
1080227	76.50
1080304	75.90
1080305	76.60
1080306	77.10
1080307	76.00
1080308	76.00
1080311	75.20
1080312	75.60
1080313	75.80
1080314	75.90
1080315	74.90
1080318	75.80
1080319	75.40
1080320	77.90
1080321	79.90
1080322	80.00
1080325	79.00
1080326	80.00
1080327	80.00
1080328	79.90
1080329	79.80
1080401	79.70
1080402	79.80
1080403	80.30
1080408	81.40
1080409	81.50
1080410	82.50
1080411	83.10
1080412	83.00
1080415	83.20
1080416	83.40
1080417	84.30
1080418	84.20
1080419	84.40
1080422	85.00
1080423	85.30
1080424	86.60
1080425	87.40
1080426	86.60
1080429	86.90
1080430	88.60
1080502	88.50
1080503	88.60
1080506	85.80
1080507	88.20
1080508	87.40
1080509	86.70
1080510	85.90
1080513	85.00
1080514	85.00
1080515	85.90
1080516	83.30
1080517	83.90
1080520	84.00
1080521	84.10
1080522	83.50
1080523	81.40
1080524	81.10
1080527	81.10
1080528	80.30
1080529	80.00
1080530	81.20
1080531	82.10
1080603	81.50
1080604	82.10
1080605	81.80
1080606	80.90
1080610	81.70
1080611	82.40
1080612	81.70
1080613	81.90
1080614	81.90
1080617	81.20
1080618	81.20
1080619	82.40
1080620	83.30
1080621	82.80
1080624	83.20
1080625	83.00
1080626	82.80
1080627	83.20
1080628	83.50
