1070102	10.05
1070103	9.94
1070104	9.73
1070105	9.50
1070108	9.39
1070109	9.55
1070110	9.97
1070111	9.73
1070112	9.73
1070115	9.92
1070116	9.73
1070117	9.67
1070118	9.60
1070119	9.45
1070122	9.28
1070123	9.26
1070124	9.30
1070125	9.25
1070126	9.18
1070129	9.19
1070130	9.11
1070131	9.11
1070201	9.01
1070202	8.97
1070205	8.71
1070206	8.20
1070207	8.26
1070208	8.08
1070209	7.95
1070212	7.96
1070221	8.10
1070222	8.12
1070223	8.32
1070226	8.21
1070227	8.66
1070301	8.44
1070302	8.30
1070305	8.21
1070306	8.28
1070307	8.26
1070308	8.28
1070309	8.27
1070312	8.11
1070313	8.11
1070314	8.11
1070315	8.66
1070316	8.44
1070319	8.33
1070320	8.30
1070321	8.34
1070322	8.28
1070323	8.09
1070326	8.08
1070327	8.12
1070328	8.05
1070329	8.04
1070330	8.02
1070331	8.02
1070402	8.12
1070403	8.10
1070409	8.01
1070410	7.94
1070411	8.01
1070412	7.94
1070413	7.97
1070416	7.74
1070417	7.62
1070418	7.63
1070419	7.65
1070420	7.74
1070423	7.58
1070424	7.39
1070425	7.30
1070426	7.05
1070427	7.27
1070430	7.51
1070502	7.53
1070503	7.49
1070504	7.44
1070507	7.46
1070508	7.47
1070509	7.35
1070510	7.38
1070511	7.30
1070514	7.35
1070515	7.30
1070516	7.38
1070517	7.39
1070518	7.27
1070521	7.47
1070522	7.40
1070523	7.80
1070524	7.70
1070525	7.67
1070528	7.82
1070529	7.74
1070530	7.70
1070531	8.47
1070601	8.29
1070604	8.22
1070605	8.82
1070606	8.78
1070607	8.65
1070608	8.42
1070611	8.35
1070612	8.43
1070613	8.41
1070614	8.34
1070615	8.41
1070619	8.29
1070620	8.02
1070621	8.06
1070622	8.12
1070625	8.12
1070626	8.08
1070627	8.02
1070628	8.02
1070629	8.02
1070702	8.00
1070703	7.82
1070704	7.72
1070705	7.64
1070706	7.47
1070709	7.42
1070710	7.68
1070711	7.79
1070712	7.79
1070713	7.88
1070716	7.92
1070717	7.83
1070718	7.82
1070719	7.79
1070720	7.73
1070723	7.69
1070724	7.65
1070725	8.00
1070726	8.02
1070727	8.16
1070730	8.09
1070731	8.04
1070801	8.01
1070802	7.83
1070803	7.81
1070806	7.67
1070807	7.57
1070808	7.59
1070809	7.57
1070810	7.51
1070813	7.25
1070814	7.31
1070815	7.39
1070816	7.33
1070817	7.37
1070820	7.28
1070821	7.30
1070822	7.30
1070823	7.97
1070824	7.62
1070827	7.61
1070828	7.57
1070829	8.10
1070830	8.00
1070831	8.06
1070903	7.86
1070904	7.84
1070905	7.72
1070906	7.60
1070907	7.50
1070910	7.14
1070911	7.22
1070912	7.19
1070913	7.24
1070914	7.37
1070917	7.40
1070918	7.37
1070919	7.39
1070920	7.34
1070921	7.25
1070925	7.24
1070926	7.26
1070927	7.28
1070928	7.28
1071001	7.28
1071002	7.25
1071003	7.20
1071004	7.19
1071005	7.02
1071008	7.05
1071009	6.99
1071011	6.30
1071012	6.20
1071015	6.19
1071016	6.14
1071017	6.18
1071018	6.20
1071019	6.10
1071022	6.17
1071023	6.07
1071024	5.91
1071025	5.39
1071026	5.65
1071029	5.63
1071030	5.48
1071031	5.73
1071101	5.85
1071102	5.90
1071105	5.88
1071106	5.96
1071107	6.02
1071108	6.16
1071109	6.16
1071112	5.98
1071113	5.85
1071114	5.76
1071115	5.78
1071116	5.81
1071119	5.81
1071120	5.85
1071121	6.03
1071122	5.98
1071123	6.00
1071126	5.91
1071127	5.98
1071128	5.99
1071129	6.00
1071130	6.00
1071203	6.03
1071204	6.03
1071205	6.01
1071206	5.95
1071207	6.02
1071210	5.99
1071211	5.87
1071212	5.85
1071213	5.80
1071214	5.64
1071217	5.43
1071218	5.21
1071219	5.29
1071220	5.01
1071221	4.97
1071222	5.03
1071224	5.00
1071225	4.99
1071226	5.00
1071227	5.03
1071228	5.06
1080102	5.06
1080103	4.99
1080104	5.05
1080107	5.01
1080108	5.04
1080109	5.04
1080110	4.90
1080111	4.86
1080114	4.84
1080115	4.80
1080116	4.95
1080117	4.97
1080118	5.03
1080121	4.99
1080122	4.85
1080123	5.33
1080124	5.86
1080125	6.44
1080128	7.08
1080129	7.70
1080130	7.48
1080211	7.32
1080212	7.21
1080213	7.25
1080214	7.35
1080215	7.43
1080218	7.30
1080219	7.38
1080220	8.11
1080221	8.10
1080222	7.90
1080225	8.68
1080226	8.46
1080227	8.75
1080304	8.69
1080305	8.38
1080306	8.30
1080307	7.75
1080308	7.58
1080311	7.71
1080312	7.48
1080313	7.36
1080314	7.34
1080315	7.37
1080318	7.33
1080319	7.32
1080320	7.39
1080321	7.26
1080322	7.20
1080325	6.83
1080326	6.83
1080327	7.22
1080328	7.01
1080329	7.11
1080401	7.03
1080402	7.00
1080403	7.20
1080408	7.12
1080409	7.01
1080410	6.94
1080411	6.80
1080412	6.61
1080415	6.72
1080416	6.68
1080417	6.72
1080418	6.69
1080419	6.69
1080422	7.35
1080423	8.08
1080424	7.87
1080425	7.95
1080426	7.88
1080429	7.88
1080430	7.40
1080502	7.27
1080503	7.18
1080506	6.96
1080507	7.01
1080508	6.82
1080509	6.71
1080510	6.70
1080513	6.63
1080514	6.46
1080515	6.51
1080516	6.43
1080517	6.30
1080520	6.22
1080521	6.26
1080522	6.25
1080523	6.26
1080524	6.88
1080527	7.56
1080528	8.10
1080529	7.78
1080530	7.86
1080531	7.84
1080603	7.55
1080604	7.52
1080605	7.45
1080606	7.40
1080610	7.49
1080611	7.25
1080612	7.90
1080613	7.68
1080614	7.60
1080617	7.82
1080618	7.66
1080619	7.66
1080620	7.61
1080621	7.58
1080624	7.47
1080625	7.50
1080626	7.50
1080627	7.51
1080628	7.52
1080701	7.58
1080702	7.51
1080703	7.61
1080704	7.54
1080705	7.65
