1070102	45.10
1070103	45.50
1070104	45.45
1070105	--
1070108	45.50
1070109	45.60
1070110	45.55
1070111	45.25
1070112	46.20
1070115	45.80
1070116	--
1070117	45.70
1070118	46.10
1070119	45.65
1070122	45.65
1070123	--
1070124	45.10
1070125	45.10
1070126	46.25
1070129	45.80
1070130	46.20
1070131	46.20
1070201	--
1070202	46.20
1070205	46.15
1070206	45.05
1070207	45.15
1070208	45.15
1070209	45.00
1070212	45.05
1070221	45.95
1070222	45.20
1070223	45.25
1070226	46.75
1070227	47.00
1070301	46.95
1070302	47.00
1070305	47.40
1070306	47.50
1070307	47.30
1070308	49.00
1070309	48.50
1070312	48.95
1070313	48.90
1070314	48.80
1070315	48.35
1070316	48.50
1070319	48.80
1070320	48.80
1070321	48.50
1070322	48.50
1070323	48.40
1070326	48.60
1070327	48.60
1070328	48.40
1070329	48.40
1070330	48.45
1070331	49.00
1070402	49.40
1070403	48.45
1070409	48.50
1070410	48.50
1070411	48.50
1070412	48.50
1070413	48.00
1070416	48.40
1070417	48.50
1070418	--
1070419	48.00
1070420	--
1070423	47.85
1070424	47.80
1070425	--
1070426	47.80
1070427	47.50
1070430	47.00
1070502	47.40
1070503	46.60
1070504	46.60
1070507	46.60
1070508	46.35
1070509	46.00
1070510	46.50
1070511	46.50
1070514	46.50
1070515	46.50
1070516	46.50
1070517	46.50
1070518	46.80
1070521	46.50
1070522	46.80
1070523	46.50
1070524	46.50
1070525	46.30
1070528	46.45
1070529	46.50
1070530	45.65
1070531	46.75
1070601	46.75
1070604	46.75
1070605	46.75
1070606	46.95
1070607	46.50
1070608	46.50
1070611	46.10
1070612	46.15
1070613	46.20
1070614	46.90
1070615	46.50
1070619	46.40
1070620	46.50
1070621	47.00
1070622	47.50
1070625	47.30
1070626	44.35
1070627	44.30
1070628	44.35
1070629	44.30
1070702	44.50
1070703	44.80
1070704	44.30
1070705	--
1070706	44.30
1070709	43.90
1070710	43.90
1070711	--
1070712	--
1070713	--
1070716	45.00
1070717	45.00
1070718	45.00
1070719	--
1070720	45.00
1070723	45.00
1070724	44.50
1070725	44.50
1070726	--
1070727	45.55
1070730	46.00
1070731	46.00
1070801	46.00
1070802	45.50
1070803	45.50
1070806	--
1070807	45.60
1070808	--
1070809	--
1070810	45.60
1070813	45.60
1070814	45.00
1070815	45.00
1070816	45.00
1070817	45.00
1070820	45.00
1070821	45.90
1070822	45.10
1070823	45.00
1070824	45.20
1070827	45.40
1070828	45.60
1070829	45.65
1070830	45.70
1070831	45.75
1070903	45.80
1070904	46.50
1070905	46.10
1070906	45.10
1070907	45.10
1070910	45.20
1070911	--
1070912	46.50
1070913	46.00
1070914	46.00
1070917	--
1070918	--
1070919	45.20
1070920	45.50
1070921	45.50
1070925	45.80
1070926	45.80
1070927	46.00
1070928	46.35
1071001	46.40
1071002	46.30
1071003	--
1071004	--
1071005	46.50
1071008	46.40
1071009	--
1071011	46.20
1071012	45.95
1071015	45.50
1071016	46.00
1071017	45.95
1071018	--
1071019	--
1071022	45.20
1071023	45.10
1071024	45.20
1071025	45.00
1071026	45.10
1071029	45.00
1071030	--
1071031	45.05
1071101	45.75
1071102	45.75
1071105	--
1071106	45.00
1071107	45.50
1071108	44.95
1071109	--
1071112	45.00
1071113	45.00
1071114	45.60
1071115	45.50
1071116	45.00
1071119	44.90
1071120	--
1071121	44.95
1071122	--
1071123	45.00
1071126	--
1071127	45.00
1071128	45.00
1071129	45.50
1071130	45.00
1071203	45.00
1071204	45.00
1071205	--
1071206	45.00
1071207	--
1071210	44.90
1071211	44.95
1071212	44.80
1071213	44.80
1071214	44.80
1071217	--
1071218	44.80
1071219	--
1071220	44.70
1071221	45.00
1071222	--
1071224	--
1071225	45.00
1071226	--
1071227	--
1071228	45.60
1080102	44.90
1080103	44.80
1080104	44.50
1080107	44.45
1080108	45.00
1080109	45.00
1080110	45.05
1080111	--
1080114	45.40
1080115	45.60
1080116	--
1080117	46.15
1080118	45.20
1080121	46.00
1080122	46.10
1080123	46.50
1080124	46.00
1080125	46.00
1080128	46.50
1080129	45.50
1080130	45.50
1080211	46.00
1080212	45.60
1080213	45.60
1080214	45.50
1080215	45.60
1080218	45.50
1080219	45.60
1080220	45.60
1080221	--
1080222	--
1080225	45.65
1080226	46.00
1080227	46.10
1080304	46.35
1080305	46.30
1080306	46.30
1080307	46.30
1080308	46.30
1080311	--
1080312	46.00
1080313	46.00
1080314	46.00
1080315	45.60
1080318	--
1080319	46.00
1080320	46.00
1080321	46.00
1080322	46.00
1080325	46.00
1080326	46.20
1080327	46.00
1080328	46.00
1080329	46.00
1080401	46.20
1080402	46.30
1080403	46.10
1080408	46.20
1080409	46.20
1080410	--
1080411	--
1080412	46.00
1080415	46.35
1080416	--
1080417	46.40
1080418	46.50
1080419	46.10
1080422	45.50
1080423	45.50
1080424	--
1080425	45.50
1080426	45.80
1080429	--
1080430	45.50
1080502	45.10
1080503	45.10
1080506	45.25
1080507	45.50
1080508	45.50
1080509	45.50
1080510	45.50
1080513	45.15
1080514	45.70
1080515	46.00
1080516	45.00
1080517	45.00
1080520	44.00
1080521	44.20
1080522	--
1080523	--
1080524	--
1080527	44.50
1080528	--
1080529	45.00
1080530	45.50
1080531	45.05
1080603	45.50
1080604	45.50
1080605	45.50
1080606	45.50
1080610	45.50
1080611	45.90
1080612	46.00
1080613	46.00
1080614	--
1080617	44.85
1080618	43.95
1080619	43.75
1080620	44.00
1080621	44.00
1080624	43.00
1080625	44.00
1080626	--
1080627	44.10
1080628	44.20
1080701	44.00
1080702	44.50
1080703	44.40
1080704	44.05
1080705	44.50
