1070102	181.50
1070103	182.00
1070104	182.50
1070105	183.00
1070108	183.50
1070109	183.00
1070110	184.50
1070111	185.00
1070112	186.00
1070115	188.50
1070116	189.50
1070117	190.00
1070118	192.00
1070119	190.50
1070122	190.00
1070123	189.00
1070124	187.00
1070125	187.00
1070126	190.00
1070129	190.50
1070130	189.50
1070131	190.00
1070201	189.50
1070202	190.00
1070205	190.00
1070206	186.00
1070207	185.50
1070208	185.00
1070209	185.00
1070212	186.00
1070221	182.50
1070222	182.00
1070223	182.00
1070226	182.50
1070227	181.00
1070301	181.50
1070302	181.00
1070305	180.00
1070306	180.50
1070307	178.50
1070308	178.50
1070309	181.00
1070312	180.50
1070313	181.50
1070314	179.50
1070315	179.50
1070316	176.00
1070319	178.00
1070320	178.00
1070321	176.50
1070322	175.50
1070323	171.50
1070326	170.50
1070327	171.00
1070328	170.50
1070329	170.50
1070330	171.50
1070331	173.50
1070402	172.00
1070403	171.50
1070409	172.50
1070410	173.00
1070411	173.50
1070412	174.00
1070413	174.50
1070416	177.00
1070417	176.50
1070418	177.00
1070419	177.50
1070420	177.00
1070423	175.00
1070424	177.50
1070425	180.50
1070426	177.00
1070427	176.50
1070430	177.00
1070502	176.00
1070503	175.50
1070504	174.50
1070507	174.50
1070508	175.50
1070509	176.00
1070510	178.50
1070511	178.50
1070514	181.00
1070515	180.50
1070516	180.50
1070517	179.00
1070518	180.50
1070521	180.50
1070522	181.00
1070523	181.50
1070524	182.50
1070525	182.00
1070528	182.00
1070529	182.00
1070530	182.50
1070531	182.00
1070601	182.00
1070604	182.00
1070605	182.00
1070606	182.00
1070607	182.50
1070608	182.50
1070611	182.50
1070612	184.00
1070613	182.50
1070614	181.50
1070615	179.50
1070619	179.00
1070620	179.00
1070621	180.00
1070622	179.50
1070625	180.00
1070626	184.00
1070627	184.50
1070628	184.50
1070629	185.00
1070702	185.00
1070703	184.50
1070704	185.00
1070705	184.50
1070706	185.00
1070709	184.50
1070710	185.00
1070711	185.50
1070712	186.00
1070713	187.00
1070716	188.00
1070717	186.00
1070718	189.00
1070719	190.00
1070720	191.50
1070723	191.50
1070724	195.00
1070725	198.00
1070726	197.00
1070727	193.50
1070730	193.00
1070731	197.00
1070801	195.00
1070802	196.00
1070803	198.00
1070806	198.00
1070807	198.50
1070808	197.50
1070809	197.00
1070810	198.50
1070813	194.50
1070814	196.00
1070815	196.50
1070816	194.50
1070817	196.50
1070820	194.00
1070821	194.50
1070822	196.00
1070823	196.50
1070824	197.00
1070827	198.00
1070828	199.00
1070829	199.50
1070830	200.00
1070831	199.50
1070903	200.00
1070904	198.00
1070905	199.00
1070906	200.00
1070907	199.00
1070910	200.00
1070911	199.00
1070912	201.00
1070913	211.50
1070914	214.00
1070917	216.50
1070918	213.00
1070919	214.00
1070920	213.50
1070921	213.00
1070925	212.00
1070926	208.50
1070927	213.50
1070928	214.00
1071001	215.50
1071002	215.50
1071003	216.00
1071004	215.00
1071005	215.00
1071008	217.00
1071009	219.50
1071011	210.00
1071012	212.00
1071015	212.00
1071016	210.00
1071017	210.00
1071018	211.00
1071019	210.00
1071022	208.50
1071023	207.00
1071024	210.00
1071025	208.00
1071026	209.00
1071029	210.00
1071030	210.00
1071031	210.00
1071101	211.00
1071102	210.50
1071105	209.50
1071106	207.00
1071107	209.50
1071108	208.00
1071109	205.50
1071112	207.50
1071113	206.50
1071114	207.00
1071115	198.00
1071116	201.00
1071119	199.50
1071120	201.50
1071121	200.50
1071122	200.00
1071123	202.00
1071126	204.50
1071127	208.50
1071128	213.00
1071129	214.00
1071130	210.50
1071203	213.00
1071204	211.50
1071205	212.00
1071206	212.50
1071207	213.00
1071210	214.00
1071211	213.00
1071212	213.00
1071213	212.50
1071214	212.50
1071217	212.50
1071218	212.50
1071219	214.50
1071220	214.50
1071221	217.50
1071222	217.50
1071224	216.50
1071225	216.00
1071226	213.00
1071227	213.00
1071228	213.00
1080102	212.00
1080103	209.50
1080104	209.50
1080107	211.00
1080108	209.50
1080109	213.00
1080110	213.50
1080111	215.50
1080114	218.00
1080115	220.50
1080116	222.50
1080117	226.00
1080118	227.50
1080121	229.50
1080122	224.00
1080123	224.00
1080124	224.00
1080125	223.00
1080128	229.00
1080129	230.00
1080130	229.00
1080211	229.00
1080212	228.50
1080213	228.50
1080214	234.00
1080215	232.00
1080218	235.50
1080219	235.50
1080220	233.00
1080221	236.00
1080222	234.00
1080225	234.00
1080226	231.00
1080227	233.00
1080304	228.00
1080305	229.00
1080306	231.50
1080307	232.00
1080308	227.00
1080311	224.00
1080312	224.00
1080313	230.00
1080314	228.00
1080315	219.50
1080318	220.50
1080319	221.00
1080320	220.50
1080321	220.00
1080322	219.50
1080325	218.50
1080326	217.50
1080327	222.00
1080328	222.00
1080329	223.00
1080401	220.50
1080402	221.00
1080403	219.50
1080408	219.00
1080409	218.50
1080410	218.50
1080411	218.00
1080412	217.00
1080415	217.00
1080416	217.00
1080417	217.00
1080418	218.00
1080419	219.00
1080422	219.00
1080423	219.00
1080424	219.50
1080425	218.50
1080426	218.50
1080429	220.00
1080430	221.00
1080502	223.50
1080503	222.00
1080506	220.00
1080507	221.50
1080508	221.00
1080509	222.00
1080510	220.00
1080513	221.50
1080514	218.50
1080515	219.50
1080516	219.50
1080517	219.00
1080520	219.00
1080521	221.00
1080522	220.00
1080523	220.50
1080524	220.00
1080527	219.00
1080528	220.00
1080529	222.50
1080530	220.00
1080531	220.00
1080603	220.00
1080604	219.00
1080605	221.00
1080606	223.00
1080610	224.50
1080611	222.50
1080612	229.00
1080613	232.00
1080614	232.00
1080617	228.00
1080618	225.00
1080619	228.00
1080620	227.50
1080621	229.00
1080624	228.00
1080625	228.50
1080626	228.00
1080627	227.50
1080628	226.00
1080701	224.00
1080702	225.00
1080703	225.00
1080704	225.00
1080705	225.00
