1070102	11.40
1070103	11.30
1070104	11.20
1070105	11.35
1070108	11.50
1070109	11.50
1070110	11.50
1070111	11.45
1070112	11.50
1070115	11.55
1070116	11.70
1070117	11.75
1070118	11.95
1070119	11.85
1070122	11.95
1070123	11.95
1070124	11.95
1070125	11.95
1070126	12.10
1070129	12.30
1070130	12.00
1070131	11.90
1070201	12.00
1070202	11.95
1070205	11.65
1070206	10.95
1070207	11.00
1070208	11.20
1070209	11.05
1070212	11.20
1070221	11.45
1070222	11.35
1070223	11.45
1070226	11.45
1070227	11.40
1070301	11.40
1070302	11.25
1070305	11.10
1070306	11.15
1070307	11.10
1070308	11.10
1070309	11.30
1070312	11.40
1070313	11.45
1070314	11.40
1070315	11.35
1070316	11.20
1070319	11.30
1070320	11.25
1070321	11.25
1070322	11.30
1070323	11.15
1070326	11.05
1070327	11.20
1070328	11.20
1070329	11.15
1070330	11.30
1070331	11.25
1070402	11.25
1070403	11.30
1070409	11.25
1070410	11.25
1070411	11.30
1070412	11.25
1070413	11.30
1070416	11.20
1070417	11.10
1070418	11.10
1070419	11.15
1070420	11.10
1070423	11.10
1070424	11.20
1070425	11.10
1070426	11.05
1070427	11.10
1070430	11.25
1070502	11.30
1070503	11.25
1070504	11.20
1070507	11.20
1070508	11.25
1070509	11.20
1070510	11.25
1070511	11.25
1070514	11.15
1070515	11.20
1070516	11.30
1070517	11.20
1070518	11.25
1070521	11.40
1070522	11.35
1070523	11.35
1070524	11.40
1070525	11.35
1070528	11.40
1070529	11.40
1070530	11.25
1070531	11.35
1070601	11.35
1070604	11.35
1070605	11.50
1070606	11.60
1070607	11.75
1070608	11.65
1070611	11.60
1070612	11.65
1070613	11.60
1070614	11.40
1070615	11.25
1070619	11.25
1070620	11.25
1070621	11.30
1070622	11.25
1070625	11.35
1070626	11.30
1070627	11.25
1070628	11.20
1070629	11.30
1070702	11.20
1070703	11.00
1070704	10.95
1070705	10.75
1070706	10.75
1070709	10.90
1070710	10.95
1070711	10.95
1070712	10.95
1070713	11.05
1070716	11.00
1070717	11.00
1070718	11.00
1070719	11.00
1070720	11.00
1070723	10.95
1070724	10.95
1070725	10.95
1070726	11.00
1070727	11.00
1070730	11.15
1070731	11.25
1070801	11.30
1070802	11.20
1070803	11.35
1070806	11.25
1070807	11.25
1070808	11.30
1070809	11.30
1070810	11.40
1070813	11.15
1070814	11.20
1070815	11.15
1070816	11.15
1070817	11.25
1070820	11.25
1070821	11.20
1070822	11.25
1070823	11.25
1070824	10.35
1070827	10.45
1070828	10.45
1070829	10.50
1070830	10.35
1070831	10.35
1070903	10.30
1070904	10.40
1070905	10.45
1070906	10.40
1070907	10.30
1070910	10.20
1070911	10.20
1070912	10.20
1070913	10.30
1070914	10.35
1070917	10.30
1070918	10.25
1070919	10.30
1070920	10.30
1070921	10.40
1070925	10.35
1070926	10.30
1070927	10.35
1070928	10.30
1071001	10.35
1071002	10.25
1071003	10.20
1071004	10.15
1071005	10.05
1071008	10.05
1071009	9.98
1071011	9.37
1071012	9.40
1071015	9.31
1071016	9.39
1071017	9.33
1071018	9.25
1071019	9.27
1071022	9.18
1071023	9.09
1071024	9.18
1071025	9.07
1071026	9.27
1071029	9.16
1071030	9.15
1071031	9.24
1071101	9.23
1071102	9.20
1071105	9.25
1071106	9.30
1071107	9.38
1071108	9.36
1071109	9.23
1071112	9.24
1071113	9.15
1071114	9.15
1071115	9.23
1071116	9.30
1071119	9.35
1071120	9.28
1071121	9.22
1071122	9.21
1071123	9.11
1071126	9.18
1071127	9.18
1071128	9.20
1071129	9.24
1071130	9.39
1071203	9.44
1071204	9.38
1071205	9.21
1071206	9.08
1071207	9.18
1071210	9.11
1071211	9.15
1071212	9.18
1071213	9.12
1071214	9.13
1071217	9.10
1071218	9.02
1071219	8.98
1071220	8.94
1071221	8.89
1071222	8.90
1071224	8.94
1071225	8.88
1071226	8.88
1071227	8.89
1071228	8.95
1080102	8.90
1080103	8.96
1080104	8.89
1080107	8.96
1080108	8.97
1080109	9.14
1080110	9.05
1080111	9.05
1080114	9.00
1080115	9.02
1080116	8.98
1080117	9.07
1080118	9.07
1080121	9.12
1080122	9.14
1080123	9.13
1080124	9.13
1080125	9.16
1080128	9.16
1080129	9.16
1080130	9.14
1080211	9.13
1080212	9.14
1080213	9.17
1080214	9.16
1080215	9.16
1080218	9.19
1080219	9.20
1080220	9.20
1080221	9.15
1080222	9.19
1080225	9.24
1080226	9.23
1080227	9.26
1080304	9.26
1080305	9.26
1080306	9.29
1080307	9.36
1080308	9.47
1080311	9.69
1080312	9.56
1080313	9.60
1080314	9.60
1080315	9.68
1080318	9.75
1080319	9.70
1080320	9.72
1080321	9.65
1080322	9.66
1080325	9.47
1080326	9.58
1080327	9.62
1080328	9.65
1080329	9.60
1080401	9.45
1080402	9.43
1080403	9.42
1080408	9.42
1080409	9.49
1080410	9.45
1080411	9.42
1080412	9.40
1080415	9.43
1080416	9.38
1080417	9.41
1080418	9.33
1080419	9.38
1080422	9.37
1080423	9.35
1080424	9.35
1080425	9.35
1080426	9.31
1080429	9.30
1080430	9.30
1080502	9.41
1080503	9.41
1080506	9.27
1080507	9.28
1080508	9.36
1080509	9.35
1080510	9.33
1080513	9.29
1080514	9.20
1080515	9.21
1080516	9.19
1080517	9.14
1080520	9.13
1080521	9.25
1080522	9.22
1080523	9.19
1080524	9.22
1080527	9.26
1080528	9.24
1080529	9.26
1080530	9.24
1080531	9.25
1080603	9.24
1080604	9.24
1080605	9.29
1080606	9.31
1080610	9.33
1080611	9.30
1080612	9.27
1080613	9.27
1080614	9.26
1080617	9.29
1080618	9.29
1080619	9.34
1080620	9.43
1080621	9.39
1080624	9.46
1080625	9.43
1080626	9.44
1080627	9.45
1080628	9.48
