1070102	8.00
1070103	8.08
1070104	8.11
1070105	8.15
1070108	8.19
1070109	8.15
1070110	8.10
1070111	8.01
1070112	8.12
1070115	8.15
1070116	8.23
1070117	8.20
1070118	8.33
1070119	8.33
1070122	8.30
1070123	8.26
1070124	8.23
1070125	8.26
1070126	8.39
1070129	8.59
1070130	8.36
1070131	8.36
1070201	8.33
1070202	8.28
1070205	8.08
1070206	7.50
1070207	7.65
1070208	7.77
1070209	7.72
1070212	7.80
1070221	7.95
1070222	7.99
1070223	8.10
1070226	8.07
1070227	8.03
1070301	8.07
1070302	8.03
1070305	7.90
1070306	7.91
1070307	7.84
1070308	7.57
1070309	7.59
1070312	7.66
1070313	7.68
1070314	7.76
1070315	7.78
1070316	7.87
1070319	7.86
1070320	7.79
1070321	7.77
1070322	7.71
1070323	7.59
1070326	7.61
1070327	7.70
1070328	7.69
1070329	7.69
1070330	7.72
1070331	7.70
1070402	7.68
1070403	7.60
1070409	7.54
1070410	7.61
1070411	7.63
1070412	7.65
1070413	7.64
1070416	7.60
1070417	7.54
1070418	7.60
1070419	7.60
1070420	7.56
1070423	7.59
1070424	7.66
1070425	7.60
1070426	7.54
1070427	7.56
1070430	7.60
1070502	7.60
1070503	7.58
1070504	7.60
1070507	7.59
1070508	7.41
1070509	7.34
1070510	7.31
1070511	7.23
1070514	7.35
1070515	7.41
1070516	7.39
1070517	7.43
1070518	7.43
1070521	7.48
1070522	7.41
1070523	7.38
1070524	7.34
1070525	7.31
1070528	7.31
1070529	7.33
1070530	7.26
1070531	7.28
1070601	7.29
1070604	7.33
1070605	7.55
1070606	7.90
1070607	7.90
1070608	7.94
1070611	7.90
1070612	7.85
1070613	7.85
1070614	7.78
1070615	7.75
1070619	7.73
1070620	7.65
1070621	7.66
1070622	7.60
1070625	7.55
1070626	7.46
1070627	7.45
1070628	7.38
1070629	7.40
1070702	7.38
1070703	7.28
1070704	7.30
1070705	7.23
1070706	7.25
1070709	6.83
1070710	6.88
1070711	6.81
1070712	6.86
1070713	6.90
1070716	6.90
1070717	6.90
1070718	6.87
1070719	6.84
1070720	6.84
1070723	6.85
1070724	6.88
1070725	6.84
1070726	6.92
1070727	6.95
1070730	6.93
1070731	6.99
1070801	7.01
1070802	6.88
1070803	6.91
1070806	7.05
1070807	7.06
1070808	6.93
1070809	6.90
1070810	6.89
1070813	6.80
1070814	6.82
1070815	6.79
1070816	6.77
1070817	6.80
1070820	6.73
1070821	6.74
1070822	6.75
1070823	6.75
1070824	6.82
1070827	6.85
1070828	6.89
1070829	6.90
1070830	6.87
1070831	6.87
1070903	6.83
1070904	6.85
1070905	6.81
1070906	6.79
1070907	6.59
1070910	6.26
1070911	6.24
1070912	6.22
1070913	6.27
1070914	6.34
1070917	6.29
1070918	6.25
1070919	6.32
1070920	6.23
1070921	6.25
1070925	6.23
1070926	6.27
1070927	6.31
1070928	6.78
1071001	6.84
1071002	6.80
1071003	6.68
1071004	6.66
1071005	6.49
1071008	6.38
1071009	6.38
1071011	6.21
1071012	6.27
1071015	6.23
1071016	6.24
1071017	6.22
1071018	6.28
1071019	6.20
1071022	6.26
1071023	6.21
1071024	6.22
1071025	6.20
1071026	6.20
1071029	6.20
1071030	6.20
1071031	6.23
1071101	6.22
1071102	6.23
1071105	6.20
1071106	6.20
1071107	6.22
1071108	6.20
1071109	6.20
1071112	6.22
1071113	6.21
1071114	6.23
1071115	6.23
1071116	6.23
1071119	6.25
1071120	6.24
1071121	6.27
1071122	6.28
1071123	6.28
1071126	6.33
1071127	6.29
1071128	6.27
1071129	6.27
1071130	6.27
1071203	6.37
1071204	6.28
1071205	6.23
1071206	6.24
1071207	6.24
1071210	6.22
1071211	6.25
1071212	6.30
1071213	6.30
1071214	6.30
1071217	6.28
1071218	6.25
1071219	6.25
1071220	6.22
1071221	6.22
1071222	6.22
1071224	6.29
1071225	6.27
1071226	6.25
1071227	6.30
1071228	6.33
1080102	6.28
1080103	6.28
1080104	6.25
1080107	6.30
1080108	6.30
1080109	6.33
1080110	6.30
1080111	6.30
1080114	6.30
1080115	6.30
1080116	6.30
1080117	6.30
1080118	6.30
1080121	6.30
1080122	6.30
1080123	6.30
1080124	6.30
1080125	6.30
1080128	6.29
1080129	6.27
1080130	6.23
1080211	6.31
1080212	6.54
1080213	6.61
1080214	6.60
1080215	6.64
1080218	6.73
1080219	6.79
1080220	6.80
1080221	6.78
1080222	6.70
1080225	6.70
1080226	6.67
1080227	6.75
1080304	6.75
1080305	6.75
1080306	6.66
1080307	6.60
1080308	6.69
1080311	6.76
1080312	6.75
1080313	6.70
1080314	6.68
1080315	6.68
1080318	6.72
1080319	6.70
1080320	6.64
1080321	6.70
1080322	6.66
1080325	6.60
1080326	6.56
1080327	6.57
1080328	6.57
1080329	6.56
1080401	6.64
1080402	6.68
1080403	6.69
1080408	6.65
1080409	6.67
1080410	6.68
1080411	6.89
1080412	6.82
1080415	6.77
1080416	6.78
1080417	6.75
1080418	6.76
1080419	6.79
1080422	6.80
1080423	6.75
1080424	6.68
1080425	6.66
1080426	6.65
1080429	6.66
1080430	6.62
1080502	6.66
1080503	6.63
1080506	6.50
1080507	6.54
1080508	6.48
1080509	6.36
1080510	6.39
1080513	6.35
1080514	6.35
1080515	6.37
1080516	6.34
1080517	6.34
1080520	6.33
1080521	6.36
1080522	6.36
1080523	6.34
1080524	6.36
1080527	6.35
1080528	6.40
1080529	6.35
1080530	6.33
1080531	6.36
1080603	6.39
1080604	6.37
1080605	6.40
1080606	6.39
1080610	6.41
1080611	6.41
1080612	6.41
1080613	6.40
1080614	6.38
1080617	6.38
1080618	6.37
1080619	6.37
1080620	6.36
1080621	6.36
1080624	6.34
1080625	6.33
1080626	6.36
1080627	6.34
1080628	6.35
1080701	6.37
1080702	6.37
1080703	6.32
1080704	6.31
1080705	6.32
