1070102	9.22
1070103	9.29
1070104	9.28
1070105	9.39
1070108	9.48
1070109	9.53
1070110	9.48
1070111	9.10
1070112	9.24
1070115	9.29
1070116	9.42
1070117	9.43
1070118	9.48
1070119	9.55
1070122	9.52
1070123	9.48
1070124	9.47
1070125	9.50
1070126	9.70
1070129	9.96
1070130	9.58
1070131	9.55
1070201	9.50
1070202	9.44
1070205	9.24
1070206	8.65
1070207	8.83
1070208	8.92
1070209	8.68
1070212	8.83
1070221	8.98
1070222	9.10
1070223	9.21
1070226	9.21
1070227	9.14
1070301	9.11
1070302	9.06
1070305	8.96
1070306	8.98
1070307	8.91
1070308	8.81
1070309	8.76
1070312	8.88
1070313	8.86
1070314	8.95
1070315	8.96
1070316	9.37
1070319	9.25
1070320	9.15
1070321	9.14
1070322	9.08
1070323	9.01
1070326	9.02
1070327	9.13
1070328	9.14
1070329	9.14
1070330	9.17
1070331	9.14
1070402	9.13
1070403	9.13
1070409	9.10
1070410	9.19
1070411	8.74
1070412	8.72
1070413	8.70
1070416	8.64
1070417	8.48
1070418	8.45
1070419	8.45
1070420	8.43
1070423	8.38
1070424	8.39
1070425	8.34
1070426	8.28
1070427	8.23
1070430	8.37
1070502	8.42
1070503	8.38
1070504	8.28
1070507	8.27
1070508	8.24
1070509	8.13
1070510	8.00
1070511	8.02
1070514	8.09
1070515	8.11
1070516	8.13
1070517	8.14
1070518	8.14
1070521	8.21
1070522	8.19
1070523	8.15
1070524	8.12
1070525	8.08
1070528	8.07
1070529	8.07
1070530	8.00
1070531	8.02
1070601	8.09
1070604	8.13
1070605	8.15
1070606	8.38
1070607	8.41
1070608	8.42
1070611	8.50
1070612	8.47
1070613	8.43
1070614	8.41
1070615	8.48
1070619	8.37
1070620	8.32
1070621	8.30
1070622	8.23
1070625	8.18
1070626	8.10
1070627	8.08
1070628	8.06
1070629	8.09
1070702	8.09
1070703	7.98
1070704	7.98
1070705	7.91
1070706	7.89
1070709	7.87
1070710	7.92
1070711	7.87
1070712	7.88
1070713	7.90
1070716	7.90
1070717	7.89
1070718	7.85
1070719	7.83
1070720	7.82
1070723	7.82
1070724	7.86
1070725	7.88
1070726	7.94
1070727	7.97
1070730	7.97
1070731	8.00
1070801	8.02
1070802	7.97
1070803	7.99
1070806	8.11
1070807	8.15
1070808	8.22
1070809	8.13
1070810	8.08
1070813	7.95
1070814	7.95
1070815	7.87
1070816	7.88
1070817	7.89
1070820	7.89
1070821	7.86
1070822	7.96
1070823	7.92
1070824	7.91
1070827	7.94
1070828	8.00
1070829	8.05
1070830	8.05
1070831	8.08
1070903	8.11
1070904	8.15
1070905	8.11
1070906	8.03
1070907	7.94
1070910	7.82
1070911	7.79
1070912	7.78
1070913	7.78
1070914	7.06
1070917	6.95
1070918	6.82
1070919	6.89
1070920	6.70
1070921	6.72
1070925	6.80
1070926	6.87
1070927	7.22
1070928	7.54
1071001	7.80
1071002	7.83
1071003	7.83
1071004	7.82
1071005	7.70
1071008	7.65
1071009	7.69
1071011	7.44
1071012	7.49
1071015	7.47
1071016	7.64
1071017	7.60
1071018	7.57
1071019	7.42
1071022	7.50
1071023	7.30
1071024	7.25
1071025	7.00
1071026	6.99
1071029	7.14
1071030	7.25
1071031	7.21
1071101	7.17
1071102	7.14
1071105	7.07
1071106	7.00
1071107	7.07
1071108	7.07
1071109	7.00
1071112	6.98
1071113	6.90
1071114	6.90
1071115	6.88
1071116	6.87
1071119	6.86
1071120	6.86
1071121	6.88
1071122	6.88
1071123	6.87
1071126	6.91
1071127	6.90
1071128	6.92
1071129	6.97
1071130	7.00
1071203	7.04
1071204	6.98
1071205	6.95
1071206	6.85
1071207	6.90
1071210	6.87
1071211	6.86
1071212	6.92
1071213	6.92
1071214	6.93
1071217	6.92
1071218	6.83
1071219	6.86
1071220	6.82
1071221	6.99
1071222	7.10
1071224	7.41
1071225	7.48
1071226	7.56
1071227	7.67
1071228	7.67
1080102	7.55
1080103	7.57
1080104	7.49
1080107	7.64
1080108	7.73
1080109	7.63
1080110	7.58
1080111	7.45
1080114	7.50
1080115	7.55
1080116	7.60
1080117	7.57
1080118	7.58
1080121	7.52
1080122	7.55
1080123	7.54
1080124	7.50
1080125	7.50
1080128	7.45
1080129	7.40
1080130	7.35
1080211	7.50
1080212	7.45
1080213	7.39
1080214	7.36
1080215	7.39
1080218	7.44
1080219	7.37
1080220	7.38
1080221	7.36
1080222	7.32
1080225	7.38
1080226	7.37
1080227	7.39
1080304	7.43
1080305	7.37
1080306	7.37
1080307	7.36
1080308	7.37
1080311	7.40
1080312	7.45
1080313	7.43
1080314	7.42
1080315	7.49
1080318	7.45
1080319	7.43
1080320	7.41
1080321	7.44
1080322	7.39
1080325	7.39
1080326	7.39
1080327	7.39
1080328	7.34
1080329	7.31
1080401	7.30
1080402	7.27
1080403	7.19
1080408	7.17
1080409	7.21
1080410	7.25
1080411	7.23
1080412	7.24
1080415	7.27
1080416	7.27
1080417	7.26
1080418	7.27
1080419	7.16
1080422	7.24
1080423	7.28
1080424	7.28
1080425	7.32
1080426	7.32
1080429	7.35
1080430	7.35
1080502	7.37
1080503	7.34
1080506	7.26
1080507	7.30
1080508	7.25
1080509	7.26
1080510	7.25
1080513	7.20
1080514	7.13
1080515	7.14
1080516	7.11
1080517	7.05
1080520	7.03
1080521	7.13
1080522	7.18
1080523	7.14
1080524	7.17
1080527	7.12
1080528	7.16
1080529	7.13
1080530	7.15
1080531	7.15
1080603	7.14
1080604	7.13
1080605	7.12
1080606	7.14
1080610	7.15
1080611	7.13
1080612	7.11
1080613	7.09
1080614	7.13
1080617	7.17
1080618	7.17
1080619	7.25
1080620	7.25
1080621	7.43
1080624	7.37
1080625	7.48
1080626	7.67
1080627	7.51
1080628	7.51
1080701	7.52
1080702	7.53
1080703	7.53
1080704	7.50
1080705	7.47
