1070102	10.25
1070103	10.25
1070104	10.35
1070105	10.40
1070108	10.35
1070109	10.45
1070110	10.45
1070111	10.40
1070112	10.35
1070115	11.35
1070116	11.40
1070117	11.05
1070118	11.05
1070119	10.75
1070122	10.85
1070123	10.90
1070124	10.70
1070125	10.50
1070126	10.50
1070129	10.45
1070130	10.30
1070131	10.20
1070201	10.25
1070202	10.25
1070205	10.10
1070206	9.84
1070207	9.84
1070208	9.84
1070209	9.80
1070212	10.00
1070221	10.05
1070222	10.05
1070223	10.00
1070226	10.00
1070227	9.90
1070301	9.89
1070302	9.90
1070305	9.99
1070306	9.97
1070307	9.87
1070308	10.00
1070309	9.95
1070312	9.95
1070313	10.05
1070314	9.90
1070315	10.20
1070316	10.05
1070319	10.10
1070320	10.15
1070321	10.20
1070322	10.25
1070323	10.50
1070326	10.60
1070327	10.40
1070328	10.30
1070329	10.50
1070330	10.50
1070331	10.45
1070402	10.35
1070403	10.45
1070409	10.40
1070410	10.30
1070411	10.30
1070412	10.25
1070413	10.25
1070416	10.30
1070417	10.20
1070418	10.65
1070419	10.40
1070420	10.25
1070423	10.25
1070424	10.15
1070425	10.10
1070426	10.05
1070427	10.10
1070430	9.94
1070502	9.91
1070503	9.91
1070504	--
1070507	9.88
1070508	9.98
1070509	9.88
1070510	9.91
1070511	9.92
1070514	9.60
1070515	9.53
1070516	9.28
1070517	9.39
1070518	9.40
1070521	9.45
1070522	9.35
1070523	9.24
1070524	9.30
1070525	9.29
1070528	9.32
1070529	9.23
1070530	9.16
1070531	9.21
1070601	9.33
1070604	9.33
1070605	9.34
1070606	9.40
1070607	9.78
1070608	9.52
1070611	9.57
1070612	9.90
1070613	9.56
1070614	9.56
1070615	9.49
1070619	9.59
1070620	9.26
1070621	9.46
1070622	9.46
1070625	9.51
1070626	9.50
1070627	9.45
1070628	9.36
1070629	9.93
1070702	9.39
1070703	9.29
1070704	9.35
1070705	9.30
1070706	9.31
1070709	9.30
1070710	9.40
1070711	9.30
1070712	9.39
1070713	9.38
1070716	9.42
1070717	9.43
1070718	10.00
1070719	9.89
1070720	10.00
1070723	10.40
1070724	9.99
1070725	9.65
1070726	9.65
1070727	9.84
1070730	9.72
1070731	9.77
1070801	9.30
1070802	9.06
1070803	9.17
1070806	9.17
1070807	9.12
1070808	9.08
1070809	9.14
1070810	9.19
1070813	8.77
1070814	9.00
1070815	8.90
1070816	9.01
1070817	8.99
1070820	8.95
1070821	9.00
1070822	9.01
1070823	9.07
1070824	9.06
1070827	9.10
1070828	9.20
1070829	9.15
1070830	9.17
1070831	9.28
1070903	9.20
1070904	9.20
1070905	9.20
1070906	9.20
1070907	9.10
1070910	9.01
1070911	9.03
1070912	9.05
1070913	9.28
1070914	9.19
1070917	9.11
1070918	9.36
1070919	9.05
1070920	9.13
1070921	9.06
1070925	9.00
1070926	9.03
1070927	9.03
1070928	8.93
1071001	8.89
1071002	8.96
1071003	8.76
1071004	8.70
1071005	8.60
1071008	8.56
1071009	8.45
1071011	8.35
1071012	8.30
1071015	8.30
1071016	8.33
1071017	8.31
1071018	8.41
1071019	8.36
1071022	8.32
1071023	8.30
1071024	8.30
1071025	8.32
1071026	8.31
1071029	8.31
1071030	8.31
1071031	8.26
1071101	8.40
1071102	8.30
1071105	8.30
1071106	8.37
1071107	8.37
1071108	8.24
1071109	8.37
1071112	8.39
1071113	8.40
1071114	8.48
1071115	8.60
1071116	8.53
1071119	8.47
1071120	8.53
1071121	8.54
1071122	8.53
1071123	8.50
1071126	8.60
1071127	8.59
1071128	8.74
1071129	8.68
1071130	8.95
1071203	8.77
1071204	8.77
1071205	8.75
1071206	8.32
1071207	8.50
1071210	8.45
1071211	8.57
1071212	8.62
1071213	8.67
1071214	8.69
1071217	8.76
1071218	8.75
1071219	8.65
1071220	8.65
1071221	8.65
1071222	8.65
1071224	8.65
1071225	8.68
1071226	8.70
1071227	--
1071228	8.60
1080102	8.58
1080103	8.67
1080104	8.67
1080107	8.65
1080108	8.55
1080109	8.58
1080110	8.58
1080111	8.52
1080114	8.50
1080115	8.39
1080116	8.69
1080117	8.76
1080118	8.73
1080121	8.73
1080122	8.77
1080123	8.73
1080124	8.73
1080125	8.60
1080128	8.60
1080129	8.53
1080130	8.70
1080211	8.53
1080212	8.60
1080213	8.64
1080214	8.67
1080215	8.60
1080218	8.62
1080219	8.70
1080220	8.70
1080221	8.67
1080222	8.69
1080225	8.75
1080226	8.95
1080227	9.11
1080304	9.06
1080305	8.98
1080306	8.96
1080307	8.97
1080308	9.13
1080311	8.92
1080312	8.87
1080313	8.91
1080314	8.86
1080315	8.90
1080318	8.90
1080319	8.94
1080320	9.11
1080321	8.90
1080322	8.85
1080325	8.82
1080326	8.81
1080327	8.83
1080328	8.78
1080329	8.86
1080401	8.85
1080402	8.85
1080403	8.87
1080408	9.03
1080409	8.87
1080410	8.95
1080411	9.05
1080412	9.01
1080415	9.05
1080416	8.98
1080417	9.04
1080418	8.97
1080419	8.97
1080422	9.01
1080423	9.07
1080424	9.08
1080425	9.15
1080426	9.00
1080429	8.81
1080430	8.80
1080502	8.89
1080503	8.97
1080506	8.81
1080507	8.85
1080508	8.84
1080509	8.76
1080510	8.82
1080513	8.79
1080514	8.73
1080515	8.80
1080516	8.80
1080517	8.56
1080520	8.61
1080521	8.67
1080522	8.61
1080523	8.61
1080524	8.64
1080527	8.40
1080528	8.60
1080529	8.58
1080530	8.52
1080531	8.54
1080603	8.55
1080604	8.42
1080605	8.37
1080606	8.46
1080610	8.51
1080611	8.50
1080612	8.51
1080613	8.46
1080614	8.45
1080617	8.46
1080618	8.46
1080619	8.46
1080620	8.47
1080621	8.42
1080624	8.46
1080625	8.43
1080626	8.42
1080627	8.39
1080628	8.38
