1070102	24.00
1070103	24.05
1070104	24.45
1070105	24.75
1070108	24.55
1070109	24.50
1070110	24.55
1070111	24.45
1070112	24.55
1070115	24.65
1070116	24.75
1070117	24.80
1070118	24.90
1070119	24.90
1070122	24.80
1070123	24.50
1070124	24.45
1070125	24.50
1070126	24.50
1070129	24.65
1070130	24.50
1070131	24.30
1070201	24.25
1070202	24.35
1070205	24.10
1070206	23.00
1070207	23.45
1070208	23.55
1070209	23.65
1070212	23.85
1070221	24.30
1070222	24.30
1070223	24.30
1070226	24.35
1070227	24.35
1070301	24.45
1070302	24.35
1070305	24.30
1070306	24.30
1070307	24.30
1070308	24.45
1070309	24.35
1070312	24.40
1070313	24.50
1070314	24.60
1070315	24.80
1070316	24.75
1070319	25.40
1070320	25.40
1070321	25.40
1070322	25.40
1070323	25.00
1070326	25.35
1070327	25.85
1070328	25.70
1070329	25.65
1070330	25.70
1070331	25.90
1070402	25.90
1070403	25.85
1070409	25.75
1070410	25.75
1070411	26.20
1070412	25.80
1070413	25.95
1070416	26.00
1070417	25.95
1070418	25.95
1070419	25.95
1070420	25.85
1070423	25.75
1070424	25.45
1070425	25.40
1070426	25.50
1070427	25.60
1070430	25.50
1070502	25.70
1070503	25.70
1070504	25.70
1070507	25.75
1070508	25.70
1070509	25.70
1070510	25.30
1070511	25.20
1070514	25.05
1070515	24.50
1070516	24.40
1070517	24.70
1070518	24.85
1070521	25.05
1070522	25.05
1070523	25.05
1070524	25.00
1070525	25.10
1070528	25.15
1070529	25.20
1070530	25.20
1070531	25.35
1070601	25.50
1070604	25.65
1070605	25.70
1070606	25.70
1070607	25.75
1070608	25.75
1070611	25.35
1070612	25.20
1070613	25.35
1070614	25.40
1070615	23.00
1070619	22.85
1070620	22.40
1070621	22.55
1070622	22.60
1070625	22.45
1070626	22.45
1070627	22.45
1070628	22.55
1070629	22.80
1070702	23.00
1070703	22.80
1070704	22.65
1070705	22.55
1070706	22.60
1070709	22.35
1070710	22.80
1070711	22.85
1070712	22.70
1070713	22.95
1070716	22.80
1070717	22.70
1070718	22.80
1070719	22.95
1070720	23.20
1070723	23.30
1070724	23.20
1070725	23.20
1070726	23.30
1070727	23.20
1070730	23.20
1070731	23.20
1070801	23.20
1070802	22.90
1070803	23.00
1070806	22.80
1070807	22.90
1070808	22.95
1070809	22.95
1070810	22.85
1070813	22.45
1070814	22.45
1070815	21.95
1070816	21.35
1070817	21.35
1070820	21.25
1070821	21.30
1070822	21.50
1070823	21.35
1070824	21.40
1070827	21.25
1070828	21.30
1070829	21.30
1070830	21.10
1070831	21.00
1070903	20.90
1070904	20.85
1070905	20.55
1070906	20.60
1070907	20.40
1070910	19.80
1070911	19.85
1070912	19.95
1070913	20.10
1070914	20.45
1070917	20.35
1070918	20.30
1070919	20.30
1070920	20.35
1070921	20.80
1070925	20.75
1070926	20.70
1070927	20.80
1070928	20.70
1071001	20.40
1071002	20.30
1071003	20.40
1071004	20.25
1071005	20.20
1071008	20.15
1071009	20.20
1071011	19.10
1071012	19.30
1071015	19.35
1071016	19.50
1071017	19.70
1071018	19.70
1071019	19.60
1071022	19.75
1071023	19.70
1071024	19.50
1071025	19.40
1071026	19.35
1071029	19.50
1071030	19.50
1071031	19.70
1071101	19.85
1071102	19.95
1071105	19.80
1071106	20.00
1071107	20.00
1071108	20.05
1071109	20.00
1071112	20.00
1071113	20.20
1071114	20.15
1071115	20.20
1071116	20.15
1071119	19.95
1071120	20.00
1071121	20.00
1071122	19.90
1071123	20.00
1071126	20.00
1071127	20.00
1071128	20.00
1071129	20.05
1071130	19.95
1071203	20.20
1071204	20.45
1071205	20.35
1071206	20.40
1071207	20.40
1071210	20.40
1071211	20.40
1071212	20.50
1071213	20.55
1071214	20.50
1071217	20.60
1071218	20.50
1071219	20.70
1071220	20.65
1071221	20.60
1071222	20.75
1071224	20.70
1071225	20.50
1071226	20.40
1071227	20.60
1071228	20.70
1080102	20.60
1080103	20.60
1080104	20.80
1080107	20.80
1080108	20.70
1080109	20.65
1080110	20.50
1080111	20.50
1080114	20.80
1080115	20.70
1080116	20.75
1080117	20.80
1080118	20.85
1080121	20.85
1080122	20.90
1080123	20.75
1080124	20.65
1080125	20.70
1080128	20.55
1080129	20.50
1080130	20.50
1080211	20.50
1080212	20.75
1080213	20.90
1080214	20.95
1080215	21.05
1080218	21.00
1080219	21.05
1080220	21.05
1080221	21.00
1080222	21.00
1080225	21.05
1080226	21.00
1080227	21.00
1080304	21.00
1080305	21.20
1080306	21.20
1080307	21.05
1080308	20.80
1080311	20.70
1080312	20.60
1080313	20.15
1080314	20.40
1080315	20.70
1080318	20.60
1080319	20.60
1080320	20.75
1080321	20.80
1080322	20.80
1080325	20.85
1080326	21.00
1080327	20.85
1080328	20.85
1080329	20.85
1080401	20.55
1080402	20.30
1080403	20.20
1080408	20.05
1080409	20.05
1080410	19.90
1080411	20.00
1080412	20.10
1080415	20.05
1080416	20.10
1080417	20.10
1080418	19.95
1080419	20.00
1080422	20.00
1080423	20.00
1080424	19.90
1080425	19.90
1080426	19.90
1080429	19.55
1080430	19.70
1080502	19.75
1080503	19.75
1080506	19.85
1080507	19.90
1080508	19.85
1080509	19.80
1080510	19.75
1080513	19.55
1080514	19.45
1080515	19.60
1080516	19.45
1080517	19.50
1080520	19.50
1080521	19.50
1080522	19.35
1080523	19.10
1080524	19.05
1080527	19.05
1080528	19.10
1080529	19.15
1080530	19.15
1080531	19.20
1080603	19.15
1080604	19.05
1080605	19.05
1080606	19.10
1080610	19.20
1080611	19.15
1080612	19.10
1080613	19.00
1080614	19.15
1080617	19.15
1080618	19.15
1080619	19.20
1080620	19.20
1080621	19.20
1080624	19.20
1080625	19.10
1080626	19.15
1080627	19.20
1080628	19.35
1080701	19.55
1080702	19.60
1080703	18.50
1080704	18.65
1080705	18.50
