1070102	20.00
1070103	20.75
1070104	21.00
1070105	20.95
1070108	20.40
1070109	20.90
1070110	20.70
1070111	20.70
1070112	20.95
1070115	20.80
1070116	20.95
1070117	20.85
1070118	21.20
1070119	21.10
1070122	21.10
1070123	21.55
1070124	21.60
1070125	21.20
1070126	21.30
1070129	23.40
1070130	21.45
1070131	21.20
1070201	21.00
1070202	21.05
1070205	20.55
1070206	19.10
1070207	19.50
1070208	18.90
1070209	19.00
1070212	19.90
1070221	20.40
1070222	20.15
1070223	20.30
1070226	19.90
1070227	19.95
1070301	20.00
1070302	19.80
1070305	19.55
1070306	19.60
1070307	19.85
1070308	20.00
1070309	19.70
1070312	19.65
1070313	19.65
1070314	19.60
1070315	19.75
1070316	19.85
1070319	20.00
1070320	20.95
1070321	21.10
1070322	20.60
1070323	20.20
1070326	20.50
1070327	20.50
1070328	20.55
1070329	20.80
1070330	21.00
1070331	21.40
1070402	21.35
1070403	21.20
1070409	21.25
1070410	21.30
1070411	21.40
1070412	21.25
1070413	21.35
1070416	21.40
1070417	21.60
1070418	21.45
1070419	22.05
1070420	22.15
1070423	22.00
1070424	22.00
1070425	22.30
1070426	22.25
1070427	22.75
1070430	23.00
1070502	22.90
1070503	23.00
1070504	22.95
1070507	22.95
1070508	22.45
1070509	22.10
1070510	21.95
1070511	21.60
1070514	22.05
1070515	21.85
1070516	21.95
1070517	22.55
1070518	22.75
1070521	22.50
1070522	21.75
1070523	22.15
1070524	22.30
1070525	23.80
1070528	23.00
1070529	22.50
1070530	22.55
1070531	23.00
1070601	22.75
1070604	22.60
1070605	22.50
1070606	22.65
1070607	22.80
1070608	22.70
1070611	22.50
1070612	22.95
1070613	22.35
1070614	22.25
1070615	21.95
1070619	22.20
1070620	21.55
1070621	21.90
1070622	21.70
1070625	21.65
1070626	21.85
1070627	21.85
1070628	21.80
1070629	22.05
1070702	21.65
1070703	20.95
1070704	20.55
1070705	20.15
1070706	20.35
1070709	20.40
1070710	20.35
1070711	20.75
1070712	20.80
1070713	20.85
1070716	20.85
1070717	20.80
1070718	21.15
1070719	20.90
1070720	20.90
1070723	20.70
1070724	21.15
1070725	20.85
1070726	20.95
1070727	20.95
1070730	21.10
1070731	21.05
1070801	22.60
1070802	22.25
1070803	22.20
1070806	22.00
1070807	21.50
1070808	20.10
1070809	20.30
1070810	20.25
1070813	20.40
1070814	20.45
1070815	20.40
1070816	20.40
1070817	20.40
1070820	20.45
1070821	20.60
1070822	20.40
1070823	20.65
1070824	20.65
1070827	20.60
1070828	20.55
1070829	20.45
1070830	20.65
1070831	20.65
1070903	20.50
1070904	20.45
1070905	20.85
1070906	20.90
1070907	21.95
1070910	21.40
1070911	21.60
1070912	21.60
1070913	21.20
1070914	21.75
1070917	21.80
1070918	21.30
1070919	21.60
1070920	21.30
1070921	21.55
1070925	21.45
1070926	22.00
1070927	22.45
1070928	22.45
1071001	22.35
1071002	22.30
1071003	21.60
1071004	21.25
1071005	20.95
1071008	20.90
1071009	20.70
1071011	18.85
1071012	19.00
1071015	18.85
1071016	18.90
1071017	19.15
1071018	19.20
1071019	19.10
1071022	19.60
1071023	19.55
1071024	19.20
1071025	18.50
1071026	18.70
1071029	18.75
1071030	18.80
1071031	19.90
1071101	20.10
1071102	20.95
1071105	21.65
1071106	21.55
1071107	22.20
1071108	23.50
1071109	23.30
1071112	23.50
1071113	23.55
1071114	23.65
1071115	23.40
1071116	23.80
1071119	24.15
1071120	24.25
1071121	24.50
1071122	24.20
1071123	24.00
1071126	24.20
1071127	24.25
1071128	24.10
1071129	23.85
1071130	24.00
1071203	24.20
1071204	24.25
1071205	24.20
1071206	24.00
1071207	23.95
1071210	23.70
1071211	23.80
1071212	23.80
1071213	23.50
1071214	23.25
1071217	23.00
1071218	22.70
1071219	23.00
1071220	23.20
1071221	23.50
1071222	23.40
1071224	23.35
1071225	22.45
1071226	22.10
1071227	22.50
1071228	22.45
1080102	22.35
1080103	23.00
1080104	22.60
1080107	22.45
1080108	22.35
1080109	22.50
1080110	22.55
1080111	22.40
1080114	22.20
1080115	22.20
1080116	22.30
1080117	22.40
1080118	22.30
1080121	22.50
1080122	22.40
1080123	22.45
1080124	22.50
1080125	22.45
1080128	22.85
1080129	22.35
1080130	22.25
1080211	22.40
1080212	22.40
1080213	22.45
1080214	22.80
1080215	22.95
1080218	22.95
1080219	22.85
1080220	22.90
1080221	23.00
1080222	22.95
1080225	25.20
1080226	27.40
1080227	27.65
1080304	30.10
1080305	31.50
1080306	30.85
1080307	30.70
1080308	31.90
1080311	34.15
1080312	36.00
1080313	35.60
1080314	35.60
1080315	37.00
1080318	36.05
1080319	35.80
1080320	37.00
1080321	37.95
1080322	36.80
1080325	36.80
1080326	35.75
1080327	37.25
1080328	36.10
1080329	36.80
1080401	35.80
1080402	33.40
1080403	32.45
1080408	32.25
1080409	33.35
1080410	33.00
1080411	33.10
1080412	32.80
1080415	33.05
1080416	34.90
1080417	34.45
1080418	33.65
1080419	34.40
1080422	34.35
1080423	35.00
1080424	38.50
1080425	42.35
1080426	46.55
1080429	48.90
1080430	48.00
1080502	46.50
1080503	46.20
1080506	47.00
1080507	46.50
1080508	45.90
1080509	45.35
1080510	44.10
1080513	44.20
1080514	43.75
1080515	44.80
1080516	40.55
1080517	41.30
1080520	40.15
1080521	41.20
1080522	41.30
1080523	40.45
1080524	40.80
1080527	40.15
1080528	39.95
1080529	39.40
1080530	43.30
1080531	43.65
1080603	41.75
1080604	41.80
1080605	41.50
1080606	40.20
1080610	40.15
1080611	40.85
1080612	40.80
1080613	40.20
1080614	41.55
1080617	42.55
1080618	41.90
1080619	42.75
1080620	43.40
1080621	42.65
1080624	42.05
1080625	41.50
1080626	41.00
1080627	41.80
1080628	41.30
1080701	41.85
1080702	41.90
1080703	41.95
1080704	42.00
1080705	42.00
