1070102	39.35
1070103	39.80
1070104	39.90
1070105	40.10
1070108	40.10
1070109	40.00
1070110	39.90
1070111	39.50
1070112	39.85
1070115	40.80
1070116	40.85
1070117	40.50
1070118	40.50
1070119	41.00
1070122	41.45
1070123	41.70
1070124	41.15
1070125	40.70
1070126	40.50
1070129	40.75
1070130	40.65
1070131	40.20
1070201	40.30
1070202	40.00
1070205	39.75
1070206	38.20
1070207	38.70
1070208	38.70
1070209	38.15
1070212	38.25
1070221	39.50
1070222	40.00
1070223	40.40
1070226	41.05
1070227	40.65
1070301	42.60
1070302	42.80
1070305	43.25
1070306	42.75
1070307	42.35
1070308	42.95
1070309	42.60
1070312	43.65
1070313	44.70
1070314	44.85
1070315	45.20
1070316	45.00
1070319	45.80
1070320	46.60
1070321	46.90
1070322	47.55
1070323	46.95
1070326	48.70
1070327	47.50
1070328	47.85
1070329	47.50
1070330	48.95
1070331	53.80
1070402	57.70
1070403	57.60
1070409	57.10
1070410	56.90
1070411	57.20
1070412	57.60
1070413	57.50
1070416	57.60
1070417	57.90
1070418	57.90
1070419	58.00
1070420	58.10
1070423	58.20
1070424	58.10
1070425	58.10
1070426	58.20
1070427	58.40
1070430	58.60
1070502	58.50
1070503	58.20
1070504	58.30
1070507	56.30
1070508	59.00
1070509	61.00
1070510	62.00
1070511	61.70
1070514	67.50
1070515	74.00
1070516	79.70
1070517	73.60
1070518	75.60
1070521	72.50
1070522	72.80
1070523	73.60
1070524	79.00
1070525	74.80
1070528	74.20
1070529	75.40
1070530	75.20
1070531	74.90
1070601	76.50
1070604	76.10
1070605	80.00
1070606	79.20
1070607	79.10
1070608	77.90
1070611	77.50
1070612	77.30
1070613	74.20
1070614	76.00
1070615	75.80
1070619	73.30
1070620	72.20
1070621	75.70
1070622	74.30
1070625	72.70
1070626	72.70
1070627	71.70
1070628	71.00
1070629	72.20
1070702	70.70
1070703	67.30
1070704	65.00
1070705	66.60
1070706	66.00
1070709	66.70
1070710	72.40
1070711	70.00
1070712	72.70
1070713	73.50
1070716	73.70
1070717	72.20
1070718	72.20
1070719	72.20
1070720	73.00
1070723	71.10
1070724	71.80
1070725	73.00
1070726	72.60
1070727	72.80
1070730	73.20
1070731	74.10
1070801	74.40
1070802	72.20
1070803	72.80
1070806	71.20
1070807	70.40
1070808	71.50
1070809	71.60
1070810	70.60
1070813	67.30
1070814	66.50
1070815	62.30
1070816	62.00
1070817	64.00
1070820	62.20
1070821	64.10
1070822	63.30
1070823	63.30
1070824	62.00
1070827	62.80
1070828	62.70
1070829	62.60
1070830	61.90
1070831	62.60
1070903	61.50
1070904	61.80
1070905	62.00
1070906	61.10
1070907	59.50
1070910	56.40
1070911	57.20
1070912	56.30
1070913	59.10
1070914	61.90
1070917	59.90
1070918	60.40
1070919	59.50
1070920	59.40
1070921	59.60
1070925	59.30
1070926	58.50
1070927	57.70
1070928	57.80
1071001	58.20
1071002	58.10
1071003	56.90
1071004	56.00
1071005	53.00
1071008	53.10
1071009	51.60
1071011	46.45
1071012	47.40
1071015	46.20
1071016	46.70
1071017	46.85
1071018	45.00
1071019	43.00
1071022	45.30
1071023	43.20
1071024	43.65
1071025	40.40
1071026	40.60
1071029	40.90
1071030	40.60
1071031	42.40
1071101	44.95
1071102	45.50
1071105	45.50
1071106	45.00
1071107	46.10
1071108	46.45
1071109	46.10
1071112	46.30
1071113	47.45
1071114	52.10
1071115	51.00
1071116	50.60
1071119	51.50
1071120	50.10
1071121	50.20
1071122	53.10
1071123	51.20
1071126	51.40
1071127	52.50
1071128	54.00
1071129	53.30
1071130	53.90
1071203	55.30
1071204	55.50
1071205	54.10
1071206	51.60
1071207	52.30
1071210	51.30
1071211	51.60
1071212	52.70
1071213	52.60
1071214	51.80
1071217	51.90
1071218	50.90
1071219	49.30
1071220	48.00
1071221	48.40
1071222	48.60
1071224	48.30
1071225	47.70
1071226	47.15
1071227	47.65
1071228	47.85
1080102	47.05
1080103	46.30
1080104	45.30
1080107	46.20
1080108	46.80
1080109	47.30
1080110	48.80
1080111	48.15
1080114	49.15
1080115	49.15
1080116	50.50
1080117	50.00
1080118	50.50
1080121	51.00
1080122	50.70
1080123	50.90
1080124	50.80
1080125	51.50
1080128	51.50
1080129	50.50
1080130	50.70
1080211	50.70
1080212	52.20
1080213	52.40
1080214	52.40
1080215	51.70
1080218	56.80
1080219	56.20
1080220	56.00
1080221	56.70
1080222	56.00
1080225	56.50
1080226	56.10
1080227	54.60
1080304	54.80
1080305	55.70
1080306	55.20
1080307	54.00
1080308	53.60
1080311	53.90
1080312	54.30
1080313	54.50
1080314	53.80
1080315	53.80
1080318	54.40
1080319	54.50
1080320	54.40
1080321	54.20
1080322	54.20
1080325	53.40
1080326	53.50
1080327	53.80
1080328	53.50
1080329	53.60
1080401	54.50
1080402	54.90
1080403	55.50
1080408	56.80
1080409	56.40
1080410	56.70
1080411	55.20
1080412	55.20
1080415	55.50
1080416	55.60
1080417	57.90
1080418	58.10
1080419	57.50
1080422	56.60
1080423	56.60
1080424	56.70
1080425	56.10
1080426	55.00
1080429	53.50
1080430	53.90
1080502	54.40
1080503	54.60
1080506	53.50
1080507	53.50
1080508	53.60
1080509	52.10
1080510	52.40
1080513	50.00
1080514	51.10
1080515	50.70
1080516	49.70
1080517	48.75
1080520	48.65
1080521	49.25
1080522	49.35
1080523	48.50
1080524	49.10
1080527	49.25
1080528	50.20
1080529	50.00
1080530	51.50
1080531	51.50
1080603	51.00
1080604	50.00
1080605	49.55
1080606	48.50
1080610	49.65
1080611	49.50
1080612	49.85
1080613	49.70
1080614	49.65
1080617	50.00
1080618	49.75
1080619	50.50
1080620	51.10
1080621	51.20
1080624	51.10
1080625	50.60
1080626	50.70
1080627	51.20
1080628	51.50
