1070102	33.75
1070103	33.85
1070104	34.00
1070105	34.40
1070108	33.85
1070109	33.75
1070110	33.30
1070111	33.50
1070112	34.00
1070115	33.85
1070116	33.90
1070117	34.80
1070118	34.75
1070119	34.90
1070122	34.50
1070123	34.25
1070124	34.00
1070125	33.90
1070126	33.70
1070129	33.60
1070130	33.00
1070131	33.10
1070201	33.15
1070202	32.95
1070205	32.50
1070206	29.75
1070207	29.80
1070208	29.90
1070209	28.65
1070212	29.90
1070221	29.90
1070222	30.30
1070223	30.15
1070226	30.30
1070227	30.20
1070301	30.35
1070302	30.25
1070305	30.25
1070306	30.55
1070307	30.20
1070308	30.30
1070309	31.00
1070312	31.40
1070313	31.15
1070314	31.50
1070315	31.35
1070316	31.75
1070319	31.85
1070320	32.05
1070321	32.15
1070322	31.95
1070323	31.60
1070326	31.80
1070327	32.65
1070328	32.55
1070329	32.80
1070330	33.00
1070331	32.90
1070402	32.65
1070403	31.90
1070409	31.95
1070410	32.10
1070411	32.00
1070412	32.50
1070413	31.80
1070416	31.35
1070417	30.55
1070418	30.65
1070419	30.50
1070420	30.20
1070423	29.80
1070424	29.10
1070425	29.20
1070426	28.90
1070427	29.05
1070430	29.10
1070502	29.05
1070503	28.80
1070504	28.65
1070507	28.50
1070508	28.75
1070509	28.80
1070510	29.20
1070511	29.00
1070514	28.65
1070515	28.60
1070516	27.85
1070517	28.20
1070518	28.10
1070521	28.30
1070522	28.00
1070523	28.00
1070524	28.05
1070525	28.30
1070528	28.80
1070529	28.80
1070530	28.45
1070531	28.55
1070601	28.90
1070604	29.30
1070605	29.30
1070606	29.95
1070607	29.95
1070608	29.55
1070611	29.50
1070612	29.50
1070613	29.40
1070614	29.05
1070615	28.80
1070619	28.85
1070620	28.50
1070621	28.65
1070622	28.60
1070625	29.00
1070626	28.75
1070627	28.65
1070628	28.65
1070629	28.75
1070702	28.65
1070703	28.60
1070704	28.60
1070705	28.45
1070706	26.00
1070709	25.60
1070710	25.60
1070711	26.15
1070712	26.10
1070713	26.00
1070716	26.05
1070717	25.70
1070718	25.55
1070719	25.40
1070720	25.40
1070723	25.30
1070724	25.25
1070725	25.45
1070726	25.30
1070727	25.40
1070730	25.40
1070731	25.65
1070801	25.80
1070802	25.75
1070803	26.60
1070806	26.35
1070807	26.00
1070808	25.85
1070809	25.55
1070810	25.60
1070813	24.90
1070814	24.85
1070815	24.60
1070816	24.30
1070817	24.60
1070820	24.35
1070821	24.35
1070822	24.30
1070823	24.25
1070824	24.30
1070827	24.90
1070828	24.90
1070829	24.90
1070830	24.85
1070831	24.60
1070903	24.20
1070904	24.10
1070905	24.10
1070906	23.75
1070907	21.80
1070910	19.90
1070911	20.30
1070912	21.15
1070913	20.80
1070914	21.00
1070917	21.40
1070918	21.20
1070919	21.20
1070920	21.00
1070921	21.10
1070925	21.45
1070926	21.50
1070927	21.35
1070928	21.35
1071001	21.50
1071002	21.50
1071003	22.00
1071004	21.80
1071005	21.00
1071008	20.75
1071009	20.65
1071011	18.65
1071012	19.10
1071015	19.25
1071016	19.55
1071017	19.55
1071018	19.55
1071019	19.15
1071022	19.55
1071023	19.55
1071024	20.10
1071025	19.20
1071026	18.90
1071029	18.50
1071030	18.60
1071031	19.00
1071101	18.80
1071102	19.10
1071105	19.10
1071106	19.10
1071107	19.10
1071108	19.05
1071109	19.10
1071112	19.30
1071113	19.05
1071114	19.00
1071115	19.10
1071116	18.95
1071119	19.15
1071120	19.20
1071121	19.40
1071122	19.20
1071123	18.95
1071126	19.05
1071127	19.20
1071128	19.10
1071129	19.30
1071130	19.55
1071203	20.00
1071204	21.10
1071205	20.80
1071206	20.40
1071207	20.40
1071210	19.75
1071211	20.20
1071212	20.05
1071213	20.05
1071214	20.10
1071217	20.20
1071218	20.10
1071219	20.00
1071220	19.75
1071221	19.50
1071222	19.55
1071224	19.40
1071225	19.20
1071226	19.00
1071227	19.00
1071228	18.90
1080102	19.00
1080103	18.85
1080104	18.65
1080107	18.95
1080108	19.05
1080109	19.20
1080110	19.30
1080111	19.20
1080114	19.20
1080115	19.00
1080116	19.00
1080117	18.95
1080118	19.00
1080121	19.20
1080122	19.60
1080123	19.50
1080124	19.50
1080125	19.55
1080128	19.55
1080129	19.25
1080130	19.30
1080211	19.55
1080212	19.80
1080213	20.80
1080214	20.80
1080215	20.60
1080218	20.80
1080219	21.60
1080220	21.20
1080221	21.20
1080222	21.85
1080225	21.60
1080226	21.30
1080227	21.00
1080304	20.95
1080305	20.80
1080306	21.75
1080307	21.40
1080308	21.30
1080311	21.60
1080312	21.65
1080313	21.75
1080314	23.15
1080315	23.00
1080318	23.00
1080319	22.85
1080320	22.95
1080321	22.65
1080322	22.70
1080325	22.50
1080326	22.15
1080327	22.45
1080328	22.45
1080329	22.35
1080401	22.15
1080402	22.45
1080403	22.80
1080408	25.05
1080409	27.55
1080410	27.25
1080411	26.95
1080412	26.40
1080415	27.30
1080416	27.10
1080417	27.65
1080418	27.15
1080419	27.45
1080422	27.55
1080423	27.55
1080424	27.40
1080425	29.10
1080426	28.25
1080429	30.20
1080430	33.20
1080502	35.10
1080503	35.00
1080506	34.20
1080507	37.10
1080508	37.50
1080509	34.90
1080510	37.00
1080513	37.05
1080514	36.60
1080515	36.20
1080516	36.35
1080517	33.45
1080520	31.15
1080521	32.35
1080522	31.75
1080523	30.25
1080524	30.35
1080527	30.15
1080528	30.90
1080529	30.30
1080530	31.40
1080531	31.60
1080603	31.45
1080604	30.90
1080605	30.80
1080606	31.75
1080610	31.90
1080611	33.30
1080612	34.35
1080613	34.20
1080614	33.90
1080617	33.20
1080618	33.30
1080619	35.10
1080620	35.85
1080621	35.40
1080624	35.40
1080625	34.85
1080626	35.25
1080627	35.55
1080628	35.25
1080701	36.15
1080702	36.00
1080703	35.40
1080704	36.15
1080705	36.20
