1070102	57.90
1070103	57.80
1070104	57.40
1070105	56.80
1070108	55.80
1070109	55.40
1070110	55.20
1070111	54.90
1070112	55.30
1070115	55.30
1070116	55.10
1070117	55.30
1070118	55.20
1070119	55.20
1070122	55.80
1070123	55.30
1070124	55.20
1070125	55.40
1070126	55.30
1070129	55.30
1070130	55.50
1070131	56.00
1070201	56.60
1070202	57.50
1070205	57.40
1070206	55.60
1070207	56.30
1070208	56.70
1070209	56.90
1070212	57.00
1070221	57.60
1070222	58.80
1070223	59.50
1070226	59.10
1070227	58.60
1070301	59.00
1070302	58.60
1070305	58.90
1070306	60.40
1070307	59.60
1070308	60.30
1070309	61.10
1070312	60.60
1070313	60.00
1070314	60.50
1070315	64.60
1070316	69.50
1070319	68.00
1070320	67.40
1070321	67.10
1070322	64.10
1070323	63.00
1070326	64.70
1070327	65.00
1070328	63.60
1070329	64.10
1070330	64.80
1070331	67.50
1070402	66.30
1070403	65.40
1070409	64.60
1070410	64.60
1070411	63.50
1070412	62.40
1070413	62.30
1070416	63.20
1070417	62.10
1070418	61.40
1070419	61.70
1070420	62.10
1070423	61.60
1070424	60.20
1070425	60.60
1070426	59.70
1070427	59.70
1070430	60.80
1070502	60.70
1070503	61.70
1070504	62.20
1070507	62.90
1070508	63.20
1070509	63.80
1070510	62.60
1070511	63.40
1070514	63.20
1070515	65.30
1070516	64.10
1070517	63.40
1070518	63.20
1070521	63.60
1070522	65.20
1070523	64.40
1070524	63.80
1070525	67.30
1070528	68.10
1070529	66.80
1070530	68.40
1070531	66.10
1070601	66.00
1070604	67.00
1070605	66.40
1070606	70.30
1070607	70.30
1070608	72.60
1070611	76.40
1070612	74.50
1070613	73.70
1070614	74.30
1070615	73.80
1070619	71.00
1070620	72.60
1070621	74.00
1070622	72.10
1070625	72.10
1070626	72.10
1070627	71.30
1070628	71.00
1070629	71.30
1070702	71.60
1070703	70.70
1070704	70.50
1070705	68.50
1070706	68.20
1070709	66.30
1070710	66.80
1070711	67.60
1070712	69.60
1070713	69.80
1070716	68.80
1070717	68.50
1070718	67.40
1070719	67.50
1070720	66.60
1070723	66.60
1070724	66.20
1070725	66.50
1070726	67.00
1070727	67.60
1070730	66.10
1070731	66.10
1070801	66.30
1070802	65.30
1070803	65.30
1070806	65.40
1070807	65.20
1070808	65.20
1070809	64.70
1070810	66.10
1070813	65.00
1070814	65.50
1070815	64.90
1070816	64.60
1070817	65.40
1070820	65.20
1070821	65.40
1070822	65.10
1070823	64.50
1070824	63.50
1070827	63.90
1070828	64.20
1070829	65.20
1070830	65.60
1070831	68.40
1070903	66.90
1070904	65.50
1070905	64.10
1070906	63.00
1070907	61.00
1070910	59.60
1070911	59.30
1070912	59.10
1070913	59.20
1070914	59.70
1070917	58.80
1070918	58.70
1070919	58.80
1070920	58.30
1070921	58.20
1070925	58.90
1070926	58.00
1070927	57.90
1070928	58.00
1071001	58.50
1071002	58.60
1071003	58.70
1071004	58.50
1071005	57.10
1071008	55.00
1071009	53.90
1071011	50.50
1071012	52.00
1071015	51.30
1071016	51.20
1071017	51.70
1071018	51.80
1071019	52.10
1071022	53.50
1071023	52.60
1071024	52.00
1071025	51.00
1071026	50.80
1071029	51.30
1071030	50.00
1071031	50.80
1071101	52.40
1071102	53.20
1071105	52.50
1071106	52.20
1071107	53.20
1071108	52.90
1071109	53.00
1071112	51.90
1071113	52.00
1071114	52.80
1071115	52.90
1071116	53.90
1071119	54.10
1071120	54.40
1071121	54.70
1071122	54.70
1071123	54.30
1071126	54.80
1071127	54.90
1071128	54.70
1071129	55.30
1071130	55.70
1071203	57.30
1071204	56.90
1071205	57.00
1071206	55.20
1071207	56.30
1071210	55.80
1071211	54.50
1071212	55.00
1071213	55.80
1071214	55.80
1071217	56.40
1071218	55.00
1071219	54.80
1071220	54.10
1071221	54.30
1071222	54.40
1071224	54.20
1071225	54.00
1071226	54.00
1071227	54.00
1071228	54.20
1080102	54.50
1080103	54.70
1080104	54.80
1080107	55.10
1080108	55.10
1080109	55.60
1080110	55.60
1080111	56.00
1080114	55.90
1080115	56.70
1080116	56.60
1080117	56.80
1080118	56.80
1080121	56.90
1080122	56.00
1080123	56.20
1080124	55.80
1080125	56.40
1080128	56.50
1080129	56.00
1080130	56.50
1080211	56.30
1080212	56.40
1080213	56.60
1080214	56.90
1080215	55.50
1080218	55.30
1080219	55.10
1080220	55.50
1080221	55.70
1080222	55.30
1080225	55.70
1080226	55.70
1080227	55.70
1080304	56.00
1080305	55.90
1080306	55.20
1080307	55.00
1080308	55.00
1080311	54.00
1080312	53.90
1080313	54.00
1080314	54.20
1080315	54.50
1080318	55.40
1080319	56.40
1080320	56.10
1080321	56.00
1080322	56.10
1080325	55.30
1080326	56.00
1080327	56.00
1080328	55.90
1080329	55.70
1080401	55.50
1080402	55.50
1080403	55.70
1080408	56.00
1080409	55.60
1080410	55.20
1080411	55.00
1080412	54.90
1080415	55.00
1080416	55.10
1080417	55.10
1080418	55.10
1080419	55.30
1080422	55.90
1080423	55.80
1080424	61.30
1080425	60.00
1080426	58.80
1080429	57.10
1080430	58.10
1080502	58.00
1080503	58.30
1080506	57.30
1080507	57.10
1080508	56.80
1080509	56.20
1080510	56.00
1080513	55.20
1080514	54.80
1080515	55.40
1080516	55.50
1080517	54.50
1080520	53.90
1080521	54.20
1080522	54.20
1080523	53.80
1080524	54.50
1080527	54.80
1080528	55.10
1080529	55.30
1080530	55.30
1080531	55.30
1080603	55.20
1080604	55.40
1080605	55.60
1080606	55.60
1080610	55.30
1080611	55.00
1080612	55.10
1080613	55.00
1080614	55.00
1080617	55.10
1080618	56.30
1080619	57.50
1080620	58.20
1080621	58.50
1080624	58.70
1080625	58.00
1080626	58.20
1080627	59.00
1080628	59.00
