1070102	49.45
1070103	49.85
1070104	48.70
1070105	48.20
1070108	47.55
1070109	46.70
1070110	46.20
1070111	47.65
1070112	48.25
1070115	47.60
1070116	46.15
1070117	46.25
1070118	46.50
1070119	45.80
1070122	45.90
1070123	45.85
1070124	45.85
1070125	45.85
1070126	45.50
1070129	45.45
1070130	45.25
1070131	45.10
1070201	45.75
1070202	45.55
1070205	44.95
1070206	41.40
1070207	40.85
1070208	36.80
1070209	33.15
1070212	33.85
1070221	36.00
1070222	38.30
1070223	38.60
1070226	38.80
1070227	38.95
1070301	38.90
1070302	38.65
1070305	38.10
1070306	38.55
1070307	38.65
1070308	38.85
1070309	38.90
1070312	38.90
1070313	39.45
1070314	40.55
1070315	40.80
1070316	41.60
1070319	40.70
1070320	39.90
1070321	39.70
1070322	39.45
1070323	38.50
1070326	38.10
1070327	39.00
1070328	38.75
1070329	38.65
1070330	38.75
1070331	38.80
1070402	39.10
1070403	40.30
1070409	40.20
1070410	40.00
1070411	41.00
1070412	42.30
1070413	43.80
1070416	45.75
1070417	48.00
1070418	49.10
1070419	48.80
1070420	48.50
1070423	49.85
1070424	49.30
1070425	49.85
1070426	49.20
1070427	48.80
1070430	49.40
1070502	51.90
1070503	51.90
1070504	50.00
1070507	49.60
1070508	49.45
1070509	49.80
1070510	54.00
1070511	49.90
1070514	50.80
1070515	50.20
1070516	49.00
1070517	49.00
1070518	49.00
1070521	48.85
1070522	48.35
1070523	46.75
1070524	47.90
1070525	47.10
1070528	48.30
1070529	47.95
1070530	51.70
1070531	56.80
1070601	56.80
1070604	56.80
1070605	54.80
1070606	58.90
1070607	56.50
1070608	56.50
1070611	56.00
1070612	58.00
1070613	57.50
1070614	57.00
1070615	56.60
1070619	56.00
1070620	52.90
1070621	55.90
1070622	53.30
1070625	52.40
1070626	53.00
1070627	51.90
1070628	51.60
1070629	53.00
1070702	52.80
1070703	53.40
1070704	58.70
1070705	56.90
1070706	57.30
1070709	54.10
1070710	53.90
1070711	55.40
1070712	60.90
1070713	66.90
1070716	71.60
1070717	69.70
1070718	68.50
1070719	61.70
1070720	57.30
1070723	57.40
1070724	57.90
1070725	58.70
1070726	58.70
1070727	59.50
1070730	56.00
1070731	56.60
1070801	57.10
1070802	57.10
1070803	56.80
1070806	57.50
1070807	58.10
1070808	57.80
1070809	57.80
1070810	56.90
1070813	51.30
1070814	50.40
1070815	49.00
1070816	49.75
1070817	48.00
1070820	47.75
1070821	48.70
1070822	48.20
1070823	48.05
1070824	47.50
1070827	48.60
1070828	48.10
1070829	48.15
1070830	50.00
1070831	49.40
1070903	48.20
1070904	48.05
1070905	47.90
1070906	47.80
1070907	43.05
1070910	40.50
1070911	44.55
1070912	45.30
1070913	44.05
1070914	46.60
1070917	46.55
1070918	45.00
1070919	44.50
1070920	43.75
1070921	43.85
1070925	45.60
1070926	44.55
1070927	43.95
1070928	43.55
1071001	43.90
1071002	44.00
1071003	42.50
1071004	41.40
1071005	40.50
1071008	40.20
1071009	38.80
1071011	34.95
1071012	35.65
1071015	34.50
1071016	34.55
1071017	35.00
1071018	31.50
1071019	33.30
1071022	35.70
1071023	34.55
1071024	35.00
1071025	32.80
1071026	32.80
1071029	32.40
1071030	31.85
1071031	33.95
1071101	34.90
1071102	35.60
1071105	35.90
1071106	34.40
1071107	35.10
1071108	34.75
1071109	35.00
1071112	33.35
1071113	33.85
1071114	34.70
1071115	34.30
1071116	35.10
1071119	35.85
1071120	35.50
1071121	35.10
1071122	33.80
1071123	32.50
1071126	31.75
1071127	32.75
1071128	33.20
1071129	33.70
1071130	34.70
1071203	36.60
1071204	35.50
1071205	35.25
1071206	33.95
1071207	34.40
1071210	35.10
1071211	34.80
1071212	38.25
1071213	38.55
1071214	38.30
1071217	37.40
1071218	36.85
1071219	36.75
1071220	35.90
1071221	36.05
1071222	35.50
1071224	35.55
1071225	34.30
1071226	33.80
1071227	34.15
1071228	34.30
1080102	34.25
1080103	34.10
1080104	33.45
1080107	33.90
1080108	34.00
1080109	34.50
1080110	33.90
1080111	33.85
1080114	34.10
1080115	34.05
1080116	33.90
1080117	33.70
1080118	33.90
1080121	33.75
1080122	32.80
1080123	33.10
1080124	33.05
1080125	32.95
1080128	33.10
1080129	33.05
1080130	33.15
1080211	34.50
1080212	35.80
1080213	35.90
1080214	36.35
1080215	35.75
1080218	36.20
1080219	36.00
1080220	36.15
1080221	38.30
1080222	37.80
1080225	37.80
1080226	37.30
1080227	36.00
1080304	38.15
1080305	37.15
1080306	36.95
1080307	36.30
1080308	35.85
1080311	35.80
1080312	36.30
1080313	36.00
1080314	36.90
1080315	36.50
1080318	36.95
1080319	38.55
1080320	42.40
1080321	43.00
1080322	42.00
1080325	38.90
1080326	42.75
1080327	42.70
1080328	41.60
1080329	41.80
1080401	42.10
1080402	41.45
1080403	41.70
1080408	41.75
1080409	41.05
1080410	40.15
1080411	39.30
1080412	39.05
1080415	38.70
1080416	40.00
1080417	39.45
1080418	38.50
1080419	38.70
1080422	39.10
1080423	38.90
1080424	38.60
1080425	38.10
1080426	38.10
1080429	37.05
1080430	36.60
1080502	37.20
1080503	37.75
1080506	36.80
1080507	36.95
1080508	36.65
1080509	36.30
1080510	36.05
1080513	35.95
1080514	35.95
1080515	36.15
1080516	36.80
1080517	35.85
1080520	35.25
1080521	35.10
1080522	35.05
1080523	34.70
1080524	34.50
1080527	34.35
1080528	34.10
1080529	33.60
1080530	33.90
1080531	34.80
1080603	33.95
1080604	34.90
1080605	35.00
1080606	34.50
1080610	34.90
1080611	34.90
1080612	35.00
1080613	35.25
1080614	34.85
1080617	35.30
1080618	35.25
1080619	36.10
1080620	36.00
1080621	36.30
1080624	36.10
1080625	35.40
1080626	35.30
1080627	35.40
1080628	35.70
