1070102	3.90
1070103	3.90
1070104	3.80
1070105	3.70
1070108	3.70
1070109	3.68
1070110	3.65
1070111	3.62
1070112	3.70
1070115	3.43
1070116	3.22
1070117	3.22
1070118	3.39
1070119	3.38
1070122	3.38
1070123	3.30
1070124	3.40
1070125	3.35
1070126	3.68
1070129	3.90
1070130	3.90
1070131	4.00
1070201	4.20
1070202	4.30
1070205	4.30
1070206	4.30
1070207	4.30
1070208	4.30
1070209	4.19
1070212	4.40
1070221	4.76
1070222	4.90
1070223	4.66
1070226	4.66
1070227	4.62
1070301	4.57
1070302	4.23
1070305	4.23
1070306	4.25
1070307	4.23
1070308	4.33
1070309	4.26
1070312	4.10
1070313	4.02
1070314	4.04
1070315	4.01
1070316	4.02
1070319	4.00
1070320	4.10
1070321	4.02
1070322	4.00
1070323	3.76
1070326	3.75
1070327	3.69
1070328	3.85
1070329	3.92
1070330	3.82
1070331	4.10
1070402	4.10
1070403	4.04
1070409	3.89
1070410	3.92
1070411	3.92
1070412	3.92
1070413	4.07
1070416	4.00
1070417	4.11
1070418	4.52
1070419	4.70
1070420	4.71
1070423	4.86
1070424	4.77
1070425	4.84
1070426	4.65
1070427	4.65
1070430	4.54
1070502	4.70
1070503	4.87
1070504	--
1070507	4.97
1070508	4.67
1070509	4.56
1070510	4.36
1070511	--
1070514	3.95
1070515	--
1070516	3.95
1070517	4.19
1070518	3.90
1070521	4.20
1070522	4.00
1070523	3.90
1070524	4.18
1070525	3.99
1070528	4.00
1070529	3.81
1070530	3.99
1070531	3.97
1070601	4.00
1070604	4.20
1070605	4.11
1070606	4.12
1070607	4.13
1070608	4.15
1070611	4.11
1070612	4.30
1070613	4.63
1070614	4.70
1070615	4.70
1070619	4.33
1070620	4.13
1070621	4.30
1070622	4.30
1070625	4.30
1070626	4.49
1070627	4.65
1070628	4.50
1070629	4.50
1070702	4.51
1070703	4.40
1070704	4.20
1070705	4.21
1070706	4.33
1070709	4.25
1070710	4.47
1070711	4.27
1070712	4.55
1070713	4.55
1070716	4.60
1070717	4.75
1070718	4.68
1070719	4.47
1070720	4.42
1070723	--
1070724	4.42
1070725	4.40
1070726	4.40
1070727	4.40
1070730	4.40
1070731	--
1070801	4.35
1070802	4.40
1070803	4.40
1070806	4.40
1070807	4.21
1070808	4.13
1070809	--
1070810	4.30
1070813	4.50
1070814	4.55
1070815	4.31
1070816	4.40
1070817	4.38
1070820	4.17
1070821	4.17
1070822	4.17
1070823	--
1070824	3.88
1070827	4.16
1070828	4.19
1070829	--
1070830	--
1070831	4.03
1070903	4.00
1070904	--
1070905	--
1070906	4.05
1070907	3.80
1070910	3.45
1070911	3.57
1070912	3.60
1070913	--
1070914	3.51
1070917	3.51
1070918	3.51
1070919	3.51
1070920	--
1070921	3.75
1070925	3.51
1070926	3.42
1070927	3.49
1070928	3.49
1071001	3.32
1071002	--
1071003	3.40
1071004	3.32
1071005	3.20
1071008	3.21
1071009	3.20
1071011	3.03
1071012	2.86
1071015	3.09
1071016	3.13
1071017	3.09
1071018	3.19
1071019	2.96
1071022	2.90
1071023	2.72
1071024	2.80
1071025	2.52
1071026	2.66
1071029	--
1071030	--
1071031	--
1071101	--
1071102	2.80
1071105	2.85
1071106	3.02
1071107	--
1071108	3.00
1071109	--
1071112	--
1071113	--
1071114	--
1071115	3.00
1071116	--
1071119	--
1071120	3.00
1071121	--
1071122	2.99
1071123	--
1071126	2.75
1071127	2.75
1071128	2.69
1071129	2.80
1071130	2.99
1071203	2.77
1071204	3.04
1071205	3.34
1071206	3.60
1071207	3.67
1071210	3.73
1071211	3.68
1071212	3.67
1071213	--
1071214	3.66
1071217	3.33
1071218	3.28
1071219	--
1071220	3.27
1071221	3.06
1071222	3.06
1071224	3.05
1071225	--
1071226	3.00
1071227	3.00
1071228	3.00
1080102	--
1080103	--
1080104	3.14
1080107	2.91
1080108	--
1080109	--
1080110	3.00
1080111	3.00
1080114	--
1080115	3.07
1080116	--
1080117	2.95
1080118	2.90
1080121	2.89
1080122	2.77
1080123	--
1080124	2.80
1080125	2.94
1080128	--
1080129	--
1080130	--
1080211	--
1080212	2.99
1080213	2.86
1080214	3.00
1080215	2.82
1080218	2.88
1080219	3.00
1080220	3.00
1080221	3.21
1080222	3.33
1080225	3.39
1080226	3.20
1080227	3.10
1080304	3.10
1080305	2.86
1080306	3.01
1080307	2.95
1080308	3.00
1080311	3.01
1080312	3.00
1080313	3.02
1080314	2.99
1080315	2.99
1080318	2.91
1080319	2.90
1080320	2.98
1080321	2.86
1080322	2.99
1080325	2.75
1080326	2.90
1080327	2.99
1080328	2.80
1080329	2.90
1080401	--
1080402	2.85
1080403	2.85
1080408	2.98
1080409	2.90
1080410	--
1080411	2.96
1080412	2.81
1080415	2.80
1080416	2.96
1080417	2.91
1080418	2.95
1080419	2.99
1080422	3.00
1080423	3.20
1080424	3.08
1080425	3.07
1080426	2.90
1080429	2.98
1080430	3.00
1080502	--
1080503	--
1080506	--
1080507	2.86
1080508	2.86
1080509	2.80
1080510	2.99
1080513	--
1080514	2.99
1080515	2.99
1080516	2.70
1080517	2.73
1080520	3.00
1080521	2.87
1080522	2.81
1080523	2.75
1080524	2.70
1080527	2.61
1080528	2.51
1080529	2.45
1080530	2.46
1080531	2.55
1080603	2.45
1080604	2.40
1080605	2.40
1080606	--
1080610	2.39
1080611	2.35
1080612	--
1080613	--
1080614	2.35
1080617	2.47
1080618	2.42
1080619	--
1080620	2.53
1080621	2.62
1080624	2.48
1080625	2.41
1080626	2.40
1080627	--
1080628	2.45
1080701	2.35
1080702	2.34
1080703	2.27
1080704	2.32
1080705	2.39
