1070102	20.00
1070103	20.65
1070104	21.85
1070105	21.00
1070108	20.30
1070109	20.20
1070110	19.45
1070111	19.60
1070112	19.75
1070115	19.45
1070116	19.45
1070117	19.05
1070118	19.15
1070119	19.30
1070122	19.15
1070123	18.90
1070124	18.75
1070125	18.70
1070126	18.55
1070129	18.65
1070130	18.65
1070131	18.65
1070201	18.75
1070202	18.65
1070205	18.50
1070206	17.10
1070207	17.60
1070208	18.20
1070209	18.25
1070212	18.00
1070221	18.60
1070222	18.70
1070223	18.95
1070226	18.75
1070227	18.75
1070301	20.40
1070302	20.20
1070305	21.50
1070306	21.55
1070307	21.00
1070308	21.50
1070309	20.80
1070312	21.10
1070313	21.15
1070314	23.25
1070315	22.10
1070316	21.60
1070319	21.70
1070320	21.60
1070321	21.50
1070322	20.90
1070323	20.90
1070326	20.20
1070327	20.05
1070328	20.00
1070329	19.90
1070330	20.10
1070331	20.10
1070402	20.10
1070403	19.70
1070409	19.70
1070410	19.95
1070411	19.90
1070412	20.10
1070413	20.40
1070416	20.90
1070417	20.65
1070418	21.40
1070419	21.25
1070420	20.80
1070423	20.80
1070424	20.45
1070425	20.10
1070426	20.05
1070427	20.40
1070430	20.30
1070502	20.70
1070503	20.85
1070504	21.15
1070507	20.65
1070508	20.60
1070509	20.40
1070510	20.50
1070511	20.60
1070514	19.60
1070515	19.15
1070516	19.35
1070517	19.10
1070518	19.10
1070521	18.90
1070522	18.90
1070523	18.90
1070524	19.80
1070525	21.75
1070528	23.90
1070529	26.25
1070530	27.40
1070531	26.90
1070601	29.55
1070604	29.15
1070605	27.00
1070606	28.35
1070607	28.30
1070608	27.80
1070611	30.55
1070612	33.60
1070613	31.50
1070614	34.65
1070615	34.85
1070619	32.60
1070620	29.85
1070621	32.55
1070622	35.80
1070625	39.35
1070626	43.25
1070627	47.55
1070628	52.30
1070629	48.40
1070702	50.80
1070703	47.75
1070704	48.30
1070705	47.95
1070706	47.50
1070709	46.50
1070710	47.45
1070711	46.95
1070712	48.50
1070713	52.10
1070716	46.90
1070717	42.25
1070718	38.05
1070719	35.10
1070720	34.60
1070723	38.05
1070724	37.30
1070725	38.20
1070726	39.25
1070727	38.50
1070730	34.70
1070731	35.45
1070801	35.00
1070802	32.80
1070803	32.85
1070806	32.30
1070807	33.25
1070808	32.15
1070809	30.70
1070810	29.55
1070813	27.95
1070814	30.60
1070815	29.20
1070816	30.35
1070817	29.30
1070820	29.40
1070821	29.10
1070822	28.40
1070823	27.70
1070824	27.80
1070827	30.55
1070828	33.05
1070829	32.60
1070830	32.60
1070831	33.20
1070903	31.35
1070904	31.55
1070905	30.75
1070906	30.40
1070907	30.10
1070910	28.80
1070911	31.65
1070912	29.70
1070913	31.50
1070914	33.50
1070917	32.75
1070918	31.40
1070919	31.45
1070920	32.60
1070921	32.10
1070925	32.20
1070926	31.60
1070927	30.60
1070928	30.60
1071001	30.50
1071002	31.05
1071003	31.05
1071004	31.40
1071005	29.20
1071008	29.30
1071009	28.15
1071011	25.35
1071012	25.15
1071015	24.50
1071016	25.55
1071017	25.10
1071018	24.30
1071019	23.00
1071022	23.75
1071023	22.90
1071024	21.95
1071025	20.05
1071026	19.95
1071029	20.00
1071030	19.60
1071031	21.00
1071101	23.00
1071102	22.35
1071105	22.95
1071106	21.50
1071107	22.25
1071108	21.80
1071109	21.70
1071112	22.25
1071113	22.15
1071114	22.30
1071115	23.10
1071116	23.50
1071119	23.75
1071120	23.30
1071121	23.50
1071122	23.05
1071123	22.50
1071126	22.70
1071127	23.50
1071128	23.95
1071129	23.70
1071130	23.90
1071203	26.25
1071204	26.25
1071205	26.05
1071206	24.00
1071207	24.40
1071210	23.00
1071211	22.50
1071212	22.90
1071213	22.70
1071214	22.60
1071217	22.30
1071218	21.70
1071219	22.15
1071220	21.30
1071221	22.15
1071222	21.65
1071224	21.85
1071225	21.40
1071226	21.50
1071227	21.90
1071228	21.75
1080102	21.70
1080103	21.45
1080104	20.70
1080107	21.10
1080108	21.25
1080109	21.80
1080110	21.40
1080111	21.20
1080114	20.70
1080115	21.00
1080116	21.10
1080117	21.15
1080118	21.35
1080121	21.75
1080122	21.75
1080123	21.70
1080124	21.60
1080125	21.85
1080128	21.90
1080129	21.65
1080130	21.60
1080211	21.50
1080212	22.25
1080213	24.10
1080214	25.25
1080215	24.25
1080218	24.60
1080219	24.60
1080220	24.70
1080221	24.75
1080222	24.85
1080225	25.40
1080226	25.40
1080227	24.30
1080304	24.80
1080305	24.60
1080306	24.60
1080307	23.90
1080308	23.45
1080311	23.70
1080312	23.85
1080313	23.95
1080314	23.85
1080315	24.25
1080318	23.95
1080319	23.90
1080320	23.75
1080321	24.20
1080322	24.70
1080325	25.40
1080326	25.25
1080327	25.00
1080328	25.10
1080329	25.00
1080401	25.20
1080402	25.05
1080403	25.90
1080408	25.60
1080409	28.15
1080410	28.00
1080411	26.85
1080412	26.15
1080415	26.35
1080416	26.80
1080417	26.90
1080418	26.20
1080419	26.30
1080422	26.60
1080423	26.60
1080424	26.40
1080425	26.05
1080426	26.15
1080429	25.50
1080430	25.70
1080502	25.95
1080503	25.80
1080506	25.00
1080507	26.20
1080508	26.00
1080509	25.30
1080510	24.75
1080513	24.20
1080514	24.50
1080515	24.90
1080516	24.75
1080517	24.50
1080520	24.60
1080521	24.70
1080522	24.75
1080523	24.45
1080524	24.50
1080527	24.60
1080528	24.90
1080529	24.90
1080530	25.00
1080531	25.45
1080603	25.70
1080604	25.15
1080605	25.05
1080606	24.60
1080610	25.00
1080611	24.90
1080612	25.10
1080613	24.90
1080614	25.15
1080617	25.55
1080618	25.25
1080619	25.35
1080620	25.60
1080621	25.25
1080624	25.30
1080625	25.35
1080626	25.10
1080627	24.95
1080628	24.80
1080701	25.20
1080702	25.20
1080703	25.20
1080704	25.95
1080705	25.40
