1070102	42.20
1070103	42.30
1070104	42.35
1070105	42.10
1070108	42.00
1070109	41.75
1070110	41.30
1070111	41.50
1070112	42.50
1070115	42.50
1070116	42.50
1070117	43.35
1070118	42.80
1070119	42.55
1070122	42.25
1070123	42.20
1070124	42.30
1070125	42.10
1070126	42.05
1070129	42.15
1070130	42.35
1070131	42.30
1070201	42.75
1070202	42.90
1070205	42.90
1070206	39.55
1070207	40.00
1070208	39.10
1070209	36.45
1070212	37.30
1070221	38.10
1070222	38.50
1070223	39.10
1070226	39.50
1070227	39.20
1070301	39.10
1070302	39.20
1070305	38.85
1070306	38.85
1070307	38.90
1070308	38.90
1070309	38.95
1070312	39.00
1070313	39.15
1070314	39.50
1070315	39.50
1070316	39.35
1070319	39.15
1070320	38.85
1070321	39.10
1070322	38.85
1070323	38.30
1070326	38.45
1070327	39.00
1070328	38.60
1070329	38.40
1070330	38.30
1070331	38.40
1070402	38.35
1070403	38.20
1070409	37.80
1070410	37.85
1070411	37.85
1070412	37.90
1070413	38.15
1070416	37.75
1070417	37.55
1070418	37.05
1070419	36.90
1070420	36.90
1070423	35.55
1070424	34.45
1070425	33.60
1070426	33.60
1070427	33.65
1070430	34.00
1070502	33.95
1070503	34.15
1070504	34.15
1070507	34.15
1070508	34.80
1070509	34.20
1070510	34.35
1070511	34.35
1070514	34.05
1070515	34.45
1070516	34.20
1070517	34.35
1070518	34.35
1070521	34.35
1070522	34.45
1070523	34.30
1070524	34.25
1070525	34.30
1070528	34.85
1070529	34.85
1070530	35.55
1070531	35.60
1070601	35.75
1070604	36.80
1070605	36.85
1070606	37.15
1070607	37.00
1070608	36.95
1070611	37.00
1070612	37.50
1070613	37.40
1070614	37.35
1070615	37.35
1070619	37.30
1070620	37.30
1070621	38.50
1070622	38.15
1070625	37.95
1070626	37.80
1070627	35.80
1070628	36.10
1070629	36.80
1070702	36.95
1070703	35.90
1070704	36.15
1070705	36.00
1070706	36.05
1070709	35.80
1070710	35.90
1070711	35.65
1070712	36.15
1070713	36.10
1070716	36.10
1070717	36.00
1070718	36.15
1070719	36.40
1070720	36.40
1070723	36.40
1070724	36.15
1070725	36.00
1070726	36.00
1070727	36.00
1070730	35.55
1070731	35.90
1070801	35.60
1070802	35.50
1070803	35.20
1070806	35.80
1070807	36.50
1070808	36.80
1070809	37.00
1070810	37.15
1070813	37.50
1070814	37.70
1070815	37.70
1070816	37.30
1070817	37.65
1070820	37.50
1070821	37.50
1070822	37.50
1070823	37.50
1070824	37.65
1070827	37.70
1070828	38.00
1070829	38.00
1070830	38.15
1070831	38.15
1070903	38.10
1070904	38.20
1070905	38.15
1070906	38.10
1070907	37.90
1070910	37.40
1070911	37.25
1070912	37.00
1070913	37.75
1070914	37.75
1070917	38.00
1070918	38.30
1070919	38.40
1070920	38.35
1070921	38.30
1070925	38.10
1070926	37.85
1070927	37.90
1070928	37.95
1071001	38.00
1071002	37.75
1071003	37.30
1071004	37.20
1071005	36.50
1071008	36.50
1071009	36.45
1071011	32.85
1071012	30.85
1071015	31.05
1071016	31.00
1071017	31.05
1071018	30.90
1071019	29.05
1071022	29.55
1071023	29.30
1071024	29.00
1071025	27.80
1071026	27.45
1071029	27.70
1071030	27.70
1071031	27.70
1071101	27.90
1071102	28.15
1071105	28.00
1071106	28.55
1071107	29.25
1071108	31.15
1071109	31.70
1071112	31.55
1071113	31.25
1071114	31.50
1071115	32.15
1071116	32.00
1071119	32.05
1071120	31.85
1071121	31.90
1071122	32.80
1071123	34.15
1071126	34.50
1071127	34.50
1071128	35.45
1071129	35.65
1071130	35.50
1071203	37.00
1071204	36.70
1071205	38.35
1071206	37.70
1071207	37.60
1071210	38.25
1071211	38.25
1071212	38.20
1071213	38.35
1071214	38.20
1071217	37.95
1071218	37.90
1071219	38.00
1071220	37.75
1071221	37.80
1071222	38.30
1071224	38.30
1071225	37.90
1071226	37.35
1071227	37.60
1071228	37.55
1080102	37.60
1080103	38.05
1080104	38.05
1080107	38.60
1080108	40.70
1080109	41.10
1080110	40.90
1080111	39.70
1080114	39.50
1080115	39.65
1080116	39.45
1080117	38.50
1080118	38.40
1080121	38.40
1080122	38.25
1080123	38.30
1080124	38.20
1080125	38.30
1080128	38.80
1080129	39.00
1080130	38.80
1080211	39.00
1080212	39.25
1080213	39.25
1080214	39.30
1080215	39.10
1080218	40.75
1080219	40.75
1080220	41.10
1080221	40.40
1080222	40.40
1080225	43.40
1080226	43.20
1080227	43.00
1080304	43.10
1080305	42.00
1080306	41.50
1080307	40.00
1080308	40.80
1080311	41.00
1080312	42.50
1080313	42.00
1080314	42.40
1080315	43.70
1080318	43.60
1080319	44.10
1080320	43.80
1080321	43.25
1080322	42.35
1080325	41.55
1080326	42.00
1080327	43.70
1080328	43.50
1080329	42.90
1080401	42.80
1080402	41.95
1080403	42.20
1080408	42.15
1080409	42.00
1080410	42.50
1080411	41.60
1080412	40.50
1080415	43.00
1080416	42.35
1080417	42.15
1080418	41.40
1080419	41.40
1080422	41.65
1080423	41.20
1080424	41.05
1080425	40.90
1080426	40.75
1080429	39.20
1080430	39.70
1080502	39.60
1080503	39.80
1080506	38.00
1080507	38.60
1080508	38.55
1080509	38.15
1080510	38.10
1080513	38.10
1080514	38.50
1080515	39.35
1080516	38.80
1080517	38.35
1080520	38.20
1080521	38.20
1080522	38.10
1080523	37.80
1080524	37.10
1080527	36.90
1080528	37.20
1080529	37.20
1080530	37.65
1080531	37.70
1080603	38.70
1080604	39.00
1080605	38.50
1080606	38.45
1080610	38.45
1080611	38.10
1080612	38.15
1080613	38.15
1080614	38.15
1080617	38.00
1080618	38.00
1080619	38.05
1080620	38.35
1080621	38.45
1080624	38.50
1080625	38.50
1080626	38.45
1080627	38.45
1080628	38.35
