1070102	142.50
1070103	141.50
1070104	142.50
1070105	142.00
1070108	142.00
1070109	143.00
1070110	145.00
1070111	145.50
1070112	146.50
1070115	150.00
1070116	149.50
1070117	149.50
1070118	149.50
1070119	148.00
1070122	149.00
1070123	149.00
1070124	152.00
1070125	150.00
1070126	151.50
1070129	150.00
1070130	150.00
1070131	152.00
1070201	151.50
1070202	159.00
1070205	166.50
1070206	162.50
1070207	168.00
1070208	165.50
1070209	173.00
1070212	171.00
1070221	168.00
1070222	168.50
1070223	163.50
1070226	170.50
1070227	172.50
1070301	172.50
1070302	173.00
1070305	174.00
1070306	174.00
1070307	178.00
1070308	181.00
1070309	180.50
1070312	194.00
1070313	187.50
1070314	188.00
1070315	187.00
1070316	182.00
1070319	182.50
1070320	191.00
1070321	174.00
1070322	168.00
1070323	169.50
1070326	170.50
1070327	171.50
1070328	171.00
1070329	174.00
1070330	175.00
1070331	175.50
1070402	173.00
1070403	171.00
1070409	167.00
1070410	167.00
1070411	171.00
1070412	171.50
1070413	168.50
1070416	170.00
1070417	172.00
1070418	173.50
1070419	180.50
1070420	177.00
1070423	177.00
1070424	174.00
1070425	173.00
1070426	176.00
1070427	177.00
1070430	182.00
1070502	182.00
1070503	180.50
1070504	179.00
1070507	177.50
1070508	178.50
1070509	179.00
1070510	177.00
1070511	177.00
1070514	170.00
1070515	173.00
1070516	172.00
1070517	171.00
1070518	172.00
1070521	172.00
1070522	171.00
1070523	174.00
1070524	174.00
1070525	171.50
1070528	173.00
1070529	171.50
1070530	170.00
1070531	178.00
1070601	177.00
1070604	178.50
1070605	178.50
1070606	178.50
1070607	176.00
1070608	173.50
1070611	172.50
1070612	175.50
1070613	179.50
1070614	181.00
1070615	182.00
1070619	180.00
1070620	178.00
1070621	189.00
1070622	190.00
1070625	201.50
1070626	196.00
1070627	194.50
1070628	202.00
1070629	200.00
1070702	197.50
1070703	193.00
1070704	197.00
1070705	188.00
1070706	184.00
1070709	187.00
1070710	182.00
1070711	183.00
1070712	184.00
1070713	183.50
1070716	181.50
1070717	181.00
1070718	174.00
1070719	174.00
1070720	174.00
1070723	170.00
1070724	173.00
1070725	172.00
1070726	170.50
1070727	172.00
1070730	172.00
1070731	173.00
1070801	175.00
1070802	176.00
1070803	176.00
1070806	174.00
1070807	174.00
1070808	173.50
1070809	171.50
1070810	173.00
1070813	171.50
1070814	173.00
1070815	172.50
1070816	172.00
1070817	173.50
1070820	173.00
1070821	176.50
1070822	183.50
1070823	185.00
1070824	180.50
1070827	179.00
1070828	175.00
1070829	173.00
1070830	174.50
1070831	181.50
1070903	174.50
1070904	177.50
1070905	177.00
1070906	176.50
1070907	172.50
1070910	169.50
1070911	172.50
1070912	173.50
1070913	176.00
1070914	176.00
1070917	175.00
1070918	175.00
1070919	176.00
1070920	178.00
1070921	184.50
1070925	175.00
1070926	175.50
1070927	180.00
1070928	179.00
1071001	180.50
1071002	180.50
1071003	180.00
1071004	178.00
1071005	176.00
1071008	177.50
1071009	175.50
1071011	159.50
1071012	162.00
1071015	162.00
1071016	164.50
1071017	166.00
1071018	173.00
1071019	171.00
1071022	171.50
1071023	169.00
1071024	169.00
1071025	166.00
1071026	164.00
1071029	164.00
1071030	164.00
1071031	165.00
1071101	166.50
1071102	170.50
1071105	170.50
1071106	169.00
1071107	169.00
1071108	170.00
1071109	172.00
1071112	173.50
1071113	174.00
1071114	175.50
1071115	176.50
1071116	180.50
1071119	173.00
1071120	174.00
1071121	175.00
1071122	175.00
1071123	174.00
1071126	175.50
1071127	178.00
1071128	180.00
1071129	180.50
1071130	181.50
1071203	181.50
1071204	181.50
1071205	180.00
1071206	179.50
1071207	184.00
1071210	183.50
1071211	185.50
1071212	187.00
1071213	182.50
1071214	187.50
1071217	189.00
1071218	179.50
1071219	177.50
1071220	178.00
1071221	178.50
1071222	177.00
1071224	177.00
1071225	173.00
1071226	172.00
1071227	175.00
1071228	174.50
1080102	168.50
1080103	171.00
1080104	174.50
1080107	174.50
1080108	175.00
1080109	174.50
1080110	176.00
1080111	175.50
1080114	174.50
1080115	174.50
1080116	172.50
1080117	171.50
1080118	170.50
1080121	171.00
1080122	171.50
1080123	173.50
1080124	175.50
1080125	175.50
1080128	174.50
1080129	173.50
1080130	175.00
1080211	175.00
1080212	179.00
1080213	177.00
1080214	177.00
1080215	178.50
1080218	180.50
1080219	179.50
1080220	179.00
1080221	175.00
1080222	174.50
1080225	171.50
1080226	169.50
1080227	170.00
1080304	170.00
1080305	169.00
1080306	168.00
1080307	165.50
1080308	167.00
1080311	167.00
1080312	167.50
1080313	165.50
1080314	162.00
1080315	165.00
1080318	160.50
1080319	159.50
1080320	161.00
1080321	162.00
1080322	163.50
1080325	164.50
1080326	165.50
1080327	162.00
1080328	160.50
1080329	161.00
1080401	159.50
1080402	157.50
1080403	155.00
1080408	158.00
1080409	159.50
1080410	157.50
1080411	156.00
1080412	154.00
1080415	155.50
1080416	155.50
1080417	162.00
1080418	157.50
1080419	158.50
1080422	157.50
1080423	158.00
1080424	155.00
1080425	153.50
1080426	153.00
1080429	147.50
1080430	143.00
1080502	148.00
1080503	147.50
1080506	144.00
1080507	145.50
1080508	147.50
1080509	144.00
1080510	142.00
1080513	130.00
1080514	132.00
1080515	126.50
1080516	114.50
1080517	103.50
1080520	113.50
1080521	121.50
1080522	117.50
1080523	120.00
1080524	120.00
1080527	118.00
1080528	122.00
1080529	120.50
1080530	120.50
1080531	119.00
1080603	119.00
1080604	119.00
1080605	118.50
1080606	118.50
1080610	119.50
1080611	121.00
1080612	124.50
1080613	124.50
1080614	123.50
1080617	119.50
1080618	118.00
1080619	118.50
1080620	117.50
1080621	118.00
1080624	120.50
1080625	117.00
1080626	118.50
1080627	120.50
1080628	120.50
1080701	119.50
1080702	121.00
1080703	118.50
1080704	118.50
1080705	118.00
