1070102	139.00
1070103	152.50
1070104	154.00
1070105	154.50
1070108	146.50
1070109	151.50
1070110	141.00
1070111	139.00
1070112	145.00
1070115	144.50
1070116	144.50
1070117	147.00
1070118	146.00
1070119	142.00
1070122	144.00
1070123	158.00
1070124	152.00
1070125	150.50
1070126	146.00
1070129	144.50
1070130	151.00
1070131	151.50
1070201	155.00
1070202	154.00
1070205	144.00
1070206	135.00
1070207	137.50
1070208	124.00
1070209	125.00
1070212	125.00
1070221	129.50
1070222	133.00
1070223	132.00
1070226	133.50
1070227	134.00
1070301	131.50
1070302	132.00
1070305	132.00
1070306	140.00
1070307	134.50
1070308	141.00
1070309	143.00
1070312	140.00
1070313	141.00
1070314	142.50
1070315	151.50
1070316	147.00
1070319	141.00
1070320	144.50
1070321	146.00
1070322	141.50
1070323	139.00
1070326	142.00
1070327	147.50
1070328	150.00
1070329	148.00
1070330	146.00
1070331	150.00
1070402	147.00
1070403	150.00
1070409	150.00
1070410	165.00
1070411	157.50
1070412	160.50
1070413	167.50
1070416	165.00
1070417	163.00
1070418	163.50
1070419	160.50
1070420	157.00
1070423	148.50
1070424	149.50
1070425	149.50
1070426	145.00
1070427	149.00
1070430	146.00
1070502	147.50
1070503	138.00
1070504	138.00
1070507	138.00
1070508	149.50
1070509	145.00
1070510	141.50
1070511	142.50
1070514	150.00
1070515	150.50
1070516	148.50
1070517	148.50
1070518	160.00
1070521	162.50
1070522	167.00
1070523	172.00
1070524	170.50
1070525	167.50
1070528	164.50
1070529	165.50
1070530	161.50
1070531	159.00
1070601	164.00
1070604	168.50
1070605	164.00
1070606	163.00
1070607	161.00
1070608	160.00
1070611	162.50
1070612	160.00
1070613	158.00
1070614	167.00
1070615	166.00
1070619	165.00
1070620	160.50
1070621	155.50
1070622	150.00
1070625	150.00
1070626	150.00
1070627	150.00
1070628	150.50
1070629	154.50
1070702	151.50
1070703	150.50
1070704	151.00
1070705	149.00
1070706	155.00
1070709	153.00
1070710	152.50
1070711	156.50
1070712	151.00
1070713	150.00
1070716	149.50
1070717	149.00
1070718	145.00
1070719	143.50
1070720	142.00
1070723	140.00
1070724	138.00
1070725	140.50
1070726	144.00
1070727	145.50
1070730	144.50
1070731	144.50
1070801	143.50
1070802	144.00
1070803	140.50
1070806	139.50
1070807	138.50
1070808	138.00
1070809	124.50
1070810	121.50
1070813	109.50
1070814	99.60
1070815	99.70
1070816	101.50
1070817	103.50
1070820	102.00
1070821	109.50
1070822	117.50
1070823	123.00
1070824	120.00
1070827	118.00
1070828	122.50
1070829	124.00
1070830	119.50
1070831	119.50
1070903	118.00
1070904	124.00
1070905	120.00
1070906	121.50
1070907	115.00
1070910	103.50
1070911	93.20
1070912	85.40
1070913	84.20
1070914	89.50
1070917	90.30
1070918	88.00
1070919	88.10
1070920	86.80
1070921	88.70
1070925	92.00
1070926	90.60
1070927	92.80
1070928	97.10
1071001	97.50
1071002	96.60
1071003	92.50
1071004	91.60
1071005	85.00
1071008	76.50
1071009	76.60
1071011	69.00
1071012	67.50
1071015	68.20
1071016	67.00
1071017	66.60
1071018	67.40
1071019	61.80
1071022	64.50
1071023	58.10
1071024	57.60
1071025	52.50
1071026	57.70
1071029	54.30
1071030	55.90
1071031	60.00
1071101	61.60
1071102	63.00
1071105	69.30
1071106	62.40
1071107	62.50
1071108	60.20
1071109	58.40
1071112	56.70
1071113	57.70
1071114	57.60
1071115	63.30
1071116	61.00
1071119	64.40
1071120	62.30
1071121	62.10
1071122	60.60
1071123	59.60
1071126	60.40
1071127	64.10
1071128	70.50
1071129	70.30
1071130	71.40
1071203	78.20
1071204	76.50
1071205	73.10
1071206	68.50
1071207	73.20
1071210	69.50
1071211	72.40
1071212	76.20
1071213	78.40
1071214	79.30
1071217	79.50
1071218	76.40
1071219	77.10
1071220	75.50
1071221	76.60
1071222	75.50
1071224	78.70
1071225	77.70
1071226	75.60
1071227	80.50
1071228	79.00
1080102	80.50
1080103	80.90
1080104	79.70
1080107	79.40
1080108	80.00
1080109	80.80
1080110	81.20
1080111	80.70
1080114	78.90
1080115	78.50
1080116	79.70
1080117	79.10
1080118	79.60
1080121	81.30
1080122	81.30
1080123	81.00
1080124	82.60
1080125	85.00
1080128	83.90
1080129	84.30
1080130	83.50
1080211	86.00
1080212	87.50
1080213	87.20
1080214	87.30
1080215	85.60
1080218	85.00
1080219	85.90
1080220	88.40
1080221	88.20
1080222	86.60
1080225	90.00
1080226	91.00
1080227	90.80
1080304	90.00
1080305	90.00
1080306	95.90
1080307	97.50
1080308	96.00
1080311	98.60
1080312	98.10
1080313	98.70
1080314	106.00
1080315	109.00
1080318	112.50
1080319	115.50
1080320	111.50
1080321	113.50
1080322	115.00
1080325	110.00
1080326	112.00
1080327	113.50
1080328	112.00
1080329	117.00
1080401	115.50
1080402	121.00
1080403	125.50
1080408	138.00
1080409	140.00
1080410	137.50
1080411	129.00
1080412	129.00
1080415	129.50
1080416	135.00
1080417	130.00
1080418	131.00
1080419	127.50
1080422	130.00
1080423	128.50
1080424	128.50
1080425	129.00
1080426	116.50
1080429	110.00
1080430	113.50
1080502	116.50
1080503	120.50
1080506	112.00
1080507	114.00
1080508	118.00
1080509	108.00
1080510	106.00
1080513	95.40
1080514	93.30
1080515	96.60
1080516	95.00
1080517	90.80
1080520	94.10
1080521	96.10
1080522	91.90
1080523	89.10
1080524	89.30
1080527	90.10
1080528	91.70
1080529	90.50
1080530	93.40
1080531	94.50
1080603	88.50
1080604	88.60
1080605	87.70
1080606	89.80
1080610	96.30
1080611	97.20
1080612	96.30
1080613	96.70
1080614	95.00
1080617	96.20
1080618	95.90
1080619	97.20
1080620	103.50
1080621	101.50
1080624	105.00
1080625	103.50
1080626	104.00
1080627	105.00
1080628	103.00
