1070102	36.00
1070103	36.20
1070104	36.30
1070105	35.95
1070108	36.45
1070109	36.30
1070110	36.50
1070111	38.00
1070112	38.10
1070115	38.30
1070116	38.95
1070117	39.10
1070118	38.60
1070119	38.65
1070122	37.85
1070123	38.50
1070124	39.00
1070125	38.95
1070126	38.40
1070129	38.10
1070130	38.80
1070131	38.85
1070201	39.45
1070202	38.60
1070205	38.65
1070206	37.60
1070207	38.95
1070208	38.50
1070209	37.90
1070212	38.85
1070221	38.80
1070222	39.20
1070223	38.65
1070226	39.10
1070227	39.35
1070301	40.55
1070302	42.10
1070305	44.50
1070306	46.30
1070307	50.90
1070308	52.90
1070309	58.10
1070312	61.50
1070313	63.40
1070314	66.10
1070315	65.30
1070316	65.00
1070319	71.50
1070320	78.60
1070321	81.50
1070322	80.50
1070323	81.50
1070326	89.60
1070327	90.00
1070328	99.00
1070329	108.50
1070330	110.00
1070331	105.50
1070402	116.00
1070403	127.50
1070409	133.00
1070410	120.00
1070411	123.00
1070412	118.00
1070413	114.00
1070416	119.00
1070417	116.00
1070418	123.00
1070419	123.00
1070420	122.50
1070423	122.50
1070424	134.50
1070425	147.50
1070426	134.50
1070427	132.50
1070430	127.00
1070502	134.00
1070503	121.00
1070504	114.00
1070507	107.50
1070508	112.00
1070509	105.50
1070510	107.00
1070511	106.00
1070514	116.50
1070515	128.00
1070516	140.50
1070517	138.00
1070518	130.50
1070521	121.00
1070522	125.00
1070523	124.00
1070524	121.00
1070525	115.00
1070528	109.00
1070529	112.00
1070530	112.00
1070531	123.00
1070601	128.50
1070604	132.00
1070605	129.00
1070606	128.00
1070607	130.50
1070608	128.50
1070611	127.00
1070612	124.00
1070613	123.00
1070614	121.50
1070615	120.50
1070619	117.00
1070620	116.00
1070621	127.50
1070622	123.50
1070625	118.00
1070626	119.50
1070627	117.00
1070628	113.50
1070629	119.00
1070702	115.00
1070703	113.00
1070704	109.50
1070705	105.00
1070706	105.00
1070709	115.50
1070710	117.00
1070711	118.50
1070712	130.00
1070713	134.50
1070716	132.00
1070717	138.50
1070718	135.50
1070719	125.00
1070720	128.00
1070723	122.00
1070724	132.00
1070725	138.00
1070726	151.50
1070727	157.50
1070730	157.00
1070731	142.00
1070801	143.00
1070802	140.50
1070803	142.00
1070806	141.00
1070807	148.50
1070808	141.50
1070809	132.50
1070810	130.00
1070813	120.00
1070814	126.50
1070815	125.00
1070816	123.50
1070817	120.50
1070820	117.50
1070821	121.50
1070822	122.50
1070823	120.50
1070824	118.00
1070827	120.00
1070828	118.00
1070829	117.00
1070830	120.00
1070831	119.50
1070903	117.00
1070904	119.00
1070905	118.00
1070906	114.00
1070907	106.50
1070910	108.00
1070911	107.50
1070912	109.00
1070913	119.50
1070914	119.50
1070917	117.50
1070918	112.50
1070919	111.00
1070920	111.00
1070921	111.50
1070925	113.00
1070926	110.50
1070927	111.00
1070928	110.50
1071001	112.50
1071002	114.50
1071003	112.00
1071004	113.50
1071005	108.50
1071008	106.50
1071009	106.00
1071011	95.40
1071012	97.80
1071015	96.90
1071016	101.50
1071017	100.50
1071018	99.50
1071019	97.30
1071022	100.00
1071023	98.00
1071024	101.50
1071025	97.40
1071026	97.20
1071029	97.50
1071030	96.70
1071031	97.20
1071101	103.00
1071102	101.50
1071105	101.00
1071106	98.40
1071107	108.00
1071108	117.50
1071109	120.50
1071112	120.00
1071113	125.00
1071114	118.00
1071115	118.00
1071116	117.00
1071119	118.50
1071120	120.50
1071121	124.50
1071122	118.00
1071123	113.50
1071126	116.00
1071127	115.50
1071128	118.00
1071129	117.50
1071130	119.50
1071203	122.00
1071204	119.00
1071205	117.00
1071206	113.50
1071207	118.00
1071210	114.00
1071211	114.50
1071212	115.50
1071213	121.00
1071214	119.00
1071217	117.00
1071218	115.50
1071219	114.50
1071220	113.00
1071221	110.50
1071222	108.00
1071224	110.00
1071225	108.50
1071226	108.00
1071227	110.50
1071228	112.00
1080102	112.50
1080103	116.00
1080104	118.50
1080107	116.50
1080108	118.00
1080109	115.00
1080110	114.50
1080111	113.50
1080114	111.50
1080115	112.00
1080116	111.00
1080117	114.00
1080118	113.50
1080121	114.00
1080122	113.00
1080123	116.00
1080124	116.00
1080125	115.00
1080128	114.00
1080129	113.00
1080130	113.50
1080211	116.00
1080212	116.00
1080213	120.00
1080214	118.50
1080215	130.00
1080218	129.00
1080219	128.00
1080220	127.00
1080221	127.50
1080222	124.00
1080225	122.00
1080226	123.50
1080227	123.50
1080304	129.00
1080305	126.50
1080306	130.00
1080307	126.50
1080308	127.00
1080311	127.50
1080312	129.50
1080313	127.00
1080314	125.50
1080315	125.50
1080318	125.50
1080319	125.50
1080320	125.00
1080321	125.00
1080322	128.50
1080325	126.00
1080326	132.50
1080327	145.50
1080328	141.00
1080329	143.00
1080401	139.00
1080402	137.00
1080403	141.00
1080408	139.00
1080409	142.00
1080410	142.00
1080411	139.50
1080412	141.00
1080415	141.00
1080416	140.50
1080417	141.00
1080418	137.00
1080419	139.00
1080422	141.00
1080423	140.00
1080424	139.50
1080425	138.50
1080426	137.00
1080429	131.00
1080430	132.50
1080502	133.00
1080503	134.00
1080506	138.00
1080507	139.00
1080508	139.50
1080509	138.00
1080510	136.00
1080513	139.00
1080514	138.50
1080515	149.00
1080516	145.00
1080517	142.50
1080520	143.00
1080521	142.50
1080522	142.00
1080523	142.00
1080524	141.00
1080527	142.50
1080528	142.50
1080529	142.00
1080530	144.50
1080531	144.50
1080603	142.50
1080604	142.00
1080605	143.00
1080606	146.00
1080610	144.50
1080611	144.50
1080612	144.50
1080613	142.00
1080614	142.50
1080617	143.50
1080618	144.50
1080619	144.50
1080620	150.00
1080621	147.00
1080624	144.00
1080625	144.00
1080626	144.00
1080627	145.00
1080628	146.00
1080701	147.00
1080702	147.50
1080703	149.50
1080704	150.50
1080705	155.50
