1070102	115.00
1070103	117.50
1070104	119.00
1070105	120.00
1070108	122.00
1070109	120.50
1070110	120.00
1070111	119.50
1070112	120.00
1070115	120.00
1070116	120.00
1070117	120.00
1070118	120.50
1070119	121.00
1070122	120.50
1070123	122.50
1070124	121.50
1070125	123.00
1070126	124.00
1070129	126.50
1070130	124.00
1070131	124.00
1070201	124.50
1070202	120.50
1070205	119.50
1070206	113.00
1070207	116.00
1070208	115.50
1070209	116.00
1070212	111.50
1070221	115.50
1070222	113.00
1070223	115.50
1070226	118.00
1070227	117.00
1070301	114.50
1070302	112.50
1070305	111.50
1070306	114.00
1070307	113.00
1070308	114.50
1070309	113.50
1070312	116.00
1070313	117.50
1070314	117.50
1070315	117.00
1070316	116.00
1070319	116.00
1070320	115.50
1070321	106.00
1070322	116.50
1070323	117.50
1070326	118.50
1070327	119.50
1070328	118.50
1070329	118.50
1070330	119.50
1070331	118.50
1070402	117.00
1070403	116.00
1070409	119.00
1070410	117.50
1070411	119.50
1070412	120.00
1070413	120.50
1070416	119.00
1070417	117.50
1070418	118.50
1070419	119.00
1070420	119.50
1070423	119.00
1070424	117.50
1070425	120.50
1070426	119.00
1070427	119.00
1070430	121.50
1070502	120.00
1070503	118.50
1070504	118.00
1070507	118.50
1070508	121.50
1070509	120.50
1070510	123.00
1070511	125.50
1070514	125.50
1070515	122.50
1070516	123.50
1070517	125.50
1070518	124.00
1070521	125.50
1070522	125.00
1070523	122.00
1070524	122.50
1070525	122.50
1070528	121.00
1070529	120.50
1070530	118.00
1070531	121.50
1070601	122.00
1070604	123.50
1070605	121.50
1070606	124.00
1070607	124.50
1070608	124.00
1070611	123.50
1070612	123.00
1070613	121.00
1070614	119.50
1070615	121.00
1070619	118.50
1070620	121.00
1070621	119.50
1070622	120.00
1070625	119.50
1070626	121.50
1070627	121.00
1070628	121.00
1070629	122.50
1070702	121.00
1070703	123.00
1070704	115.50
1070705	119.00
1070706	116.00
1070709	117.50
1070710	118.00
1070711	119.00
1070712	118.50
1070713	121.00
1070716	119.00
1070717	118.50
1070718	120.50
1070719	120.00
1070720	120.50
1070723	121.00
1070724	120.50
1070725	119.50
1070726	120.00
1070727	120.00
1070730	119.00
1070731	120.50
1070801	120.50
1070802	118.50
1070803	121.00
1070806	121.50
1070807	119.00
1070808	121.00
1070809	120.00
1070810	120.50
1070813	119.50
1070814	120.50
1070815	120.50
1070816	120.50
1070817	121.00
1070820	123.50
1070821	125.00
1070822	125.00
1070823	125.00
1070824	127.00
1070827	128.00
1070828	128.00
1070829	128.00
1070830	125.00
1070831	126.00
1070903	124.50
1070904	126.50
1070905	124.00
1070906	124.00
1070907	123.50
1070910	124.50
1070911	125.50
1070912	127.50
1070913	133.00
1070914	132.00
1070917	129.50
1070918	132.50
1070919	137.00
1070920	139.00
1070921	147.00
1070925	142.00
1070926	146.00
1070927	148.00
1070928	148.00
1071001	148.50
1071002	147.00
1071003	140.00
1071004	137.50
1071005	132.50
1071008	133.00
1071009	135.00
1071011	126.50
1071012	127.00
1071015	123.00
1071016	125.50
1071017	123.00
1071018	123.00
1071019	119.50
1071022	123.00
1071023	120.50
1071024	120.50
1071025	122.00
1071026	118.50
1071029	118.50
1071030	118.50
1071031	122.00
1071101	122.00
1071102	120.50
1071105	121.50
1071106	120.50
1071107	120.00
1071108	119.50
1071109	117.00
1071112	117.00
1071113	113.00
1071114	111.00
1071115	111.00
1071116	112.00
1071119	115.00
1071120	115.00
1071121	112.00
1071122	115.00
1071123	113.50
1071126	112.50
1071127	113.00
1071128	114.00
1071129	111.00
1071130	111.50
1071203	115.50
1071204	112.50
1071205	113.00
1071206	110.50
1071207	113.00
1071210	113.00
1071211	112.00
1071212	112.50
1071213	113.00
1071214	111.00
1071217	112.50
1071218	110.50
1071219	111.50
1071220	109.50
1071221	109.00
1071222	107.50
1071224	104.50
1071225	103.00
1071226	103.00
1071227	109.50
1071228	109.00
1080102	103.00
1080103	104.00
1080104	104.50
1080107	109.00
1080108	107.50
1080109	114.00
1080110	111.50
1080111	110.50
1080114	109.50
1080115	111.00
1080116	109.00
1080117	109.00
1080118	110.50
1080121	112.00
1080122	111.00
1080123	110.00
1080124	107.50
1080125	108.50
1080128	110.00
1080129	108.50
1080130	107.50
1080211	106.50
1080212	109.00
1080213	108.50
1080214	112.00
1080215	112.00
1080218	115.50
1080219	115.00
1080220	116.00
1080221	116.50
1080222	115.00
1080225	116.00
1080226	117.00
1080227	116.50
1080304	116.50
1080305	116.50
1080306	117.50
1080307	116.50
1080308	116.00
1080311	115.00
1080312	115.00
1080313	113.50
1080314	112.00
1080315	116.00
1080318	116.50
1080319	114.50
1080320	114.50
1080321	114.50
1080322	115.50
1080325	113.50
1080326	114.00
1080327	114.00
1080328	113.50
1080329	115.50
1080401	113.50
1080402	113.50
1080403	114.50
1080408	113.50
1080409	114.50
1080410	114.50
1080411	113.00
1080412	113.50
1080415	113.50
1080416	114.50
1080417	115.00
1080418	114.50
1080419	113.50
1080422	114.00
1080423	115.50
1080424	115.00
1080425	115.00
1080426	115.00
1080429	115.00
1080430	114.50
1080502	115.00
1080503	115.50
1080506	113.00
1080507	113.00
1080508	110.50
1080509	107.00
1080510	106.50
1080513	107.00
1080514	107.00
1080515	109.00
1080516	111.00
1080517	113.00
1080520	114.50
1080521	116.50
1080522	116.00
1080523	116.00
1080524	115.00
1080527	116.00
1080528	113.00
1080529	114.00
1080530	115.00
1080531	116.00
1080603	116.00
1080604	115.00
1080605	116.50
1080606	115.00
1080610	116.00
1080611	115.00
1080612	114.50
1080613	114.00
1080614	115.00
1080617	115.50
1080618	116.50
1080619	118.50
1080620	111.00
1080621	113.00
1080624	113.00
1080625	111.50
1080626	111.00
1080627	111.50
1080628	110.50
