1070102	128.50
1070103	129.50
1070104	131.00
1070105	129.00
1070108	126.00
1070109	123.50
1070110	122.00
1070111	116.00
1070112	117.00
1070115	118.00
1070116	119.00
1070117	116.50
1070118	120.00
1070119	119.00
1070122	124.00
1070123	121.50
1070124	123.00
1070125	129.00
1070126	132.00
1070129	128.00
1070130	128.00
1070131	125.00
1070201	125.00
1070202	123.50
1070205	119.00
1070206	107.50
1070207	107.50
1070208	107.50
1070209	98.20
1070212	95.00
1070221	102.00
1070222	100.50
1070223	103.00
1070226	105.50
1070227	103.50
1070301	103.00
1070302	106.50
1070305	114.00
1070306	125.00
1070307	126.00
1070308	126.00
1070309	122.00
1070312	119.00
1070313	123.00
1070314	121.50
1070315	126.00
1070316	123.00
1070319	123.50
1070320	125.00
1070321	137.50
1070322	147.00
1070323	161.50
1070326	168.50
1070327	169.50
1070328	173.00
1070329	175.00
1070330	175.00
1070331	192.50
1070402	190.50
1070403	182.50
1070409	178.50
1070410	178.00
1070411	176.50
1070412	185.50
1070413	189.50
1070416	171.00
1070417	162.00
1070418	162.00
1070419	158.00
1070420	157.00
1070423	151.50
1070424	149.00
1070425	148.50
1070426	138.00
1070427	143.50
1070430	146.00
1070502	141.00
1070503	134.50
1070504	135.50
1070507	133.00
1070508	134.00
1070509	133.50
1070510	146.50
1070511	138.50
1070514	132.00
1070515	132.50
1070516	132.00
1070517	132.00
1070518	134.50
1070521	136.00
1070522	139.50
1070523	139.00
1070524	138.50
1070525	141.50
1070528	139.50
1070529	133.00
1070530	134.00
1070531	131.50
1070601	135.00
1070604	136.00
1070605	136.00
1070606	136.50
1070607	142.00
1070608	144.00
1070611	136.50
1070612	134.50
1070613	134.50
1070614	136.00
1070615	138.00
1070619	133.50
1070620	130.50
1070621	132.50
1070622	130.00
1070625	128.50
1070626	120.00
1070627	121.00
1070628	120.50
1070629	126.00
1070702	127.00
1070703	122.00
1070704	122.50
1070705	119.50
1070706	118.00
1070709	118.50
1070710	118.50
1070711	130.00
1070712	133.00
1070713	133.00
1070716	131.50
1070717	130.00
1070718	128.50
1070719	130.00
1070720	127.50
1070723	122.50
1070724	128.50
1070725	129.50
1070726	133.00
1070727	137.50
1070730	133.50
1070731	134.50
1070801	132.50
1070802	130.00
1070803	140.00
1070806	143.00
1070807	142.50
1070808	144.00
1070809	141.00
1070810	132.00
1070813	129.00
1070814	128.50
1070815	128.00
1070816	120.00
1070817	119.50
1070820	122.00
1070821	123.00
1070822	121.00
1070823	119.50
1070824	117.00
1070827	116.50
1070828	118.00
1070829	122.00
1070830	120.00
1070831	121.50
1070903	118.00
1070904	121.50
1070905	122.50
1070906	120.50
1070907	114.00
1070910	104.00
1070911	98.80
1070912	95.00
1070913	96.00
1070914	98.40
1070917	98.20
1070918	94.40
1070919	96.70
1070920	95.10
1070921	96.90
1070925	96.70
1070926	96.60
1070927	96.50
1070928	97.00
1071001	99.90
1071002	99.30
1071003	101.00
1071004	98.70
1071005	92.00
1071008	92.00
1071009	91.70
1071011	83.00
1071012	83.80
1071015	82.50
1071016	83.20
1071017	83.00
1071018	80.00
1071019	78.00
1071022	78.00
1071023	71.00
1071024	73.00
1071025	68.20
1071026	63.10
1071029	60.00
1071030	61.00
1071031	64.30
1071101	66.70
1071102	72.00
1071105	69.50
1071106	67.60
1071107	69.60
1071108	68.80
1071109	67.10
1071112	66.70
1071113	67.00
1071114	67.90
1071115	68.00
1071116	69.00
1071119	70.50
1071120	71.20
1071121	71.90
1071122	69.40
1071123	68.00
1071126	67.10
1071127	71.60
1071128	75.80
1071129	79.60
1071130	79.00
1071203	81.50
1071204	81.80
1071205	80.50
1071206	73.80
1071207	78.00
1071210	77.00
1071211	78.60
1071212	82.30
1071213	81.00
1071214	79.20
1071217	78.90
1071218	76.80
1071219	79.00
1071220	75.00
1071221	77.00
1071222	76.00
1071224	76.90
1071225	75.90
1071226	76.50
1071227	77.00
1071228	78.50
1080102	81.30
1080103	79.00
1080104	78.90
1080107	80.90
1080108	80.70
1080109	80.60
1080110	81.20
1080111	89.30
1080114	98.20
1080115	108.00
1080116	106.50
1080117	95.90
1080118	96.50
1080121	95.00
1080122	101.50
1080123	98.20
1080124	99.60
1080125	100.50
1080128	99.00
1080129	101.00
1080130	100.00
1080211	102.00
1080212	105.50
1080213	104.50
1080214	103.50
1080215	106.00
1080218	103.00
1080219	105.50
1080220	104.50
1080221	103.50
1080222	103.50
1080225	103.50
1080226	104.50
1080227	105.00
1080304	105.50
1080305	105.50
1080306	106.50
1080307	102.00
1080308	102.00
1080311	104.50
1080312	105.00
1080313	104.50
1080314	107.00
1080315	106.50
1080318	106.00
1080319	108.00
1080320	118.50
1080321	122.00
1080322	121.00
1080325	118.00
1080326	119.50
1080327	120.50
1080328	117.50
1080329	117.00
1080401	118.00
1080402	120.50
1080403	121.00
1080408	123.00
1080409	118.00
1080410	119.00
1080411	112.50
1080412	110.50
1080415	115.00
1080416	116.00
1080417	116.50
1080418	117.00
1080419	120.50
1080422	120.50
1080423	120.00
1080424	117.50
1080425	119.00
1080426	115.00
1080429	111.50
1080430	112.50
1080502	113.50
1080503	121.50
1080506	115.50
1080507	118.00
1080508	116.50
1080509	112.00
1080510	110.50
1080513	109.50
1080514	111.50
1080515	106.00
1080516	101.00
1080517	100.50
1080520	100.50
1080521	104.00
1080522	103.00
1080523	113.00
1080524	108.00
1080527	105.00
1080528	104.00
1080529	102.50
1080530	104.00
1080531	105.00
1080603	100.50
1080604	100.00
1080605	100.50
1080606	101.00
1080610	106.00
1080611	108.50
1080612	108.50
1080613	110.00
1080614	108.00
1080617	111.00
1080618	111.50
1080619	112.00
1080620	114.50
1080621	114.00
1080624	115.00
1080625	109.50
1080626	116.00
1080627	119.00
1080628	121.00
