1070102	41.50
1070103	42.45
1070104	41.95
1070105	41.65
1070108	40.70
1070109	40.80
1070110	40.60
1070111	40.35
1070112	40.50
1070115	41.00
1070116	40.90
1070117	40.50
1070118	40.70
1070119	40.85
1070122	41.45
1070123	40.80
1070124	40.85
1070125	40.50
1070126	40.50
1070129	40.20
1070130	39.70
1070131	39.50
1070201	39.25
1070202	41.10
1070205	39.65
1070206	37.25
1070207	37.60
1070208	38.00
1070209	37.20
1070212	36.60
1070221	37.10
1070222	39.00
1070223	38.50
1070226	39.20
1070227	39.00
1070301	39.40
1070302	39.50
1070305	38.60
1070306	38.50
1070307	38.10
1070308	38.00
1070309	38.00
1070312	37.85
1070313	37.85
1070314	37.30
1070315	37.75
1070316	37.75
1070319	40.40
1070320	38.70
1070321	38.70
1070322	38.05
1070323	37.15
1070326	37.10
1070327	37.15
1070328	36.50
1070329	37.00
1070330	37.65
1070331	37.10
1070402	37.65
1070403	36.85
1070409	36.00
1070410	36.10
1070411	37.10
1070412	36.75
1070413	36.90
1070416	35.85
1070417	35.00
1070418	35.35
1070419	35.50
1070420	35.20
1070423	34.95
1070424	34.95
1070425	34.85
1070426	33.60
1070427	33.20
1070430	33.70
1070502	33.50
1070503	32.70
1070504	31.80
1070507	31.00
1070508	30.90
1070509	30.90
1070510	31.45
1070511	30.95
1070514	30.90
1070515	30.90
1070516	31.00
1070517	31.10
1070518	31.20
1070521	31.45
1070522	31.00
1070523	30.70
1070524	30.60
1070525	30.50
1070528	30.55
1070529	30.65
1070530	31.15
1070531	31.15
1070601	31.00
1070604	31.30
1070605	31.50
1070606	31.70
1070607	31.75
1070608	31.45
1070611	30.95
1070612	30.45
1070613	30.80
1070614	30.45
1070615	30.30
1070619	30.70
1070620	30.00
1070621	29.90
1070622	30.20
1070625	29.75
1070626	29.65
1070627	29.20
1070628	29.90
1070629	29.85
1070702	29.50
1070703	29.40
1070704	29.85
1070705	30.40
1070706	30.15
1070709	30.00
1070710	29.50
1070711	28.90
1070712	29.90
1070713	30.00
1070716	29.70
1070717	30.00
1070718	30.10
1070719	30.25
1070720	30.00
1070723	30.20
1070724	30.40
1070725	30.70
1070726	29.85
1070727	29.65
1070730	29.20
1070731	29.00
1070801	29.10
1070802	28.80
1070803	29.00
1070806	29.00
1070807	28.65
1070808	28.90
1070809	--
1070810	28.90
1070813	28.20
1070814	28.45
1070815	28.00
1070816	27.90
1070817	--
1070820	27.10
1070821	27.20
1070822	27.30
1070823	27.90
1070824	27.90
1070827	27.80
1070828	27.80
1070829	27.90
1070830	28.25
1070831	29.00
1070903	28.20
1070904	28.95
1070905	28.80
1070906	28.85
1070907	28.10
1070910	27.80
1070911	27.80
1070912	27.55
1070913	27.70
1070914	28.00
1070917	27.70
1070918	27.85
1070919	27.70
1070920	27.50
1070921	27.50
1070925	27.95
1070926	28.35
1070927	27.90
1070928	27.90
1071001	--
1071002	27.90
1071003	27.70
1071004	27.35
1071005	28.00
1071008	--
1071009	27.90
1071011	26.30
1071012	26.90
1071015	27.90
1071016	27.95
1071017	28.15
1071018	26.05
1071019	27.30
1071022	27.95
1071023	27.90
1071024	28.55
1071025	26.60
1071026	26.70
1071029	26.50
1071030	26.90
1071031	27.00
1071101	26.95
1071102	26.40
1071105	--
1071106	26.70
1071107	27.65
1071108	27.90
1071109	27.00
1071112	27.00
1071113	27.00
1071114	28.00
1071115	27.95
1071116	27.60
1071119	28.40
1071120	28.00
1071121	28.40
1071122	--
1071123	27.60
1071126	27.60
1071127	--
1071128	27.60
1071129	28.50
1071130	28.50
1071203	28.50
1071204	27.85
1071205	27.20
1071206	27.90
1071207	27.90
1071210	--
1071211	28.25
1071212	28.30
1071213	29.10
1071214	28.60
1071217	--
1071218	28.30
1071219	28.40
1071220	27.10
1071221	27.00
1071222	27.15
1071224	27.40
1071225	27.70
1071226	--
1071227	27.15
1071228	27.45
1080102	--
1080103	27.55
1080104	27.55
1080107	27.80
1080108	27.90
1080109	27.50
1080110	27.75
1080111	27.85
1080114	27.35
1080115	27.35
1080116	27.75
1080117	28.20
1080118	28.00
1080121	28.10
1080122	27.70
1080123	27.85
1080124	28.65
1080125	--
1080128	28.40
1080129	28.05
1080130	28.05
1080211	28.45
1080212	28.75
1080213	28.75
1080214	28.50
1080215	28.20
1080218	28.50
1080219	28.35
1080220	27.85
1080221	28.20
1080222	27.95
1080225	28.10
1080226	28.00
1080227	28.00
1080304	28.10
1080305	28.10
1080306	28.30
1080307	27.95
1080308	28.05
1080311	27.90
1080312	28.30
1080313	27.90
1080314	27.90
1080315	27.90
1080318	27.95
1080319	28.05
1080320	28.00
1080321	28.10
1080322	28.00
1080325	28.90
1080326	28.90
1080327	28.85
1080328	28.85
1080329	29.10
1080401	28.60
1080402	28.80
1080403	29.20
1080408	29.30
1080409	32.20
1080410	30.90
1080411	31.20
1080412	31.40
1080415	31.40
1080416	30.80
1080417	31.45
1080418	31.50
1080419	31.05
1080422	31.20
1080423	30.90
1080424	30.50
1080425	--
1080426	30.40
1080429	--
1080430	29.50
1080502	29.50
1080503	29.50
1080506	--
1080507	29.70
1080508	28.75
1080509	29.75
1080510	28.75
1080513	28.75
1080514	--
1080515	--
1080516	27.65
1080517	27.35
1080520	28.50
1080521	29.15
1080522	28.35
1080523	28.20
1080524	28.30
1080527	--
1080528	29.50
1080529	28.50
1080530	--
1080531	--
1080603	28.00
1080604	28.00
1080605	28.00
1080606	28.75
1080610	28.20
1080611	28.05
1080612	28.10
1080613	--
1080614	28.00
1080617	28.10
1080618	28.70
1080619	28.20
1080620	28.20
1080621	28.60
1080624	29.40
1080625	29.20
1080626	29.00
1080627	29.00
1080628	--
1080701	--
1080702	28.10
1080703	28.90
1080704	28.35
1080705	28.35
