1070102	27.25
1070103	26.90
1070104	26.60
1070105	26.70
1070108	26.40
1070109	26.45
1070110	26.30
1070111	26.55
1070112	27.65
1070115	27.70
1070116	27.20
1070117	27.05
1070118	26.70
1070119	26.40
1070122	26.40
1070123	26.10
1070124	26.00
1070125	25.90
1070126	26.05
1070129	26.40
1070130	26.45
1070131	26.20
1070201	26.80
1070202	26.80
1070205	26.60
1070206	25.40
1070207	25.55
1070208	25.65
1070209	25.10
1070212	25.35
1070221	26.20
1070222	26.75
1070223	27.30
1070226	27.80
1070227	27.70
1070301	30.40
1070302	29.90
1070305	32.65
1070306	33.20
1070307	31.90
1070308	34.30
1070309	34.40
1070312	34.50
1070313	33.90
1070314	33.00
1070315	32.95
1070316	31.50
1070319	31.50
1070320	31.70
1070321	32.35
1070322	32.00
1070323	30.65
1070326	31.00
1070327	32.70
1070328	32.60
1070329	35.70
1070330	33.70
1070331	33.95
1070402	32.80
1070403	32.35
1070409	31.15
1070410	31.50
1070411	30.70
1070412	30.35
1070413	30.60
1070416	31.05
1070417	29.50
1070418	29.50
1070419	30.00
1070420	29.60
1070423	28.20
1070424	27.65
1070425	27.25
1070426	26.60
1070427	26.65
1070430	26.85
1070502	26.60
1070503	26.75
1070504	26.10
1070507	25.75
1070508	26.15
1070509	26.20
1070510	26.20
1070511	25.70
1070514	25.15
1070515	25.20
1070516	25.20
1070517	25.25
1070518	25.05
1070521	25.35
1070522	25.70
1070523	25.60
1070524	26.30
1070525	26.00
1070528	25.75
1070529	25.35
1070530	25.10
1070531	25.25
1070601	25.35
1070604	26.75
1070605	26.45
1070606	26.75
1070607	27.20
1070608	27.00
1070611	26.90
1070612	27.10
1070613	26.75
1070614	26.60
1070615	26.45
1070619	27.05
1070620	26.50
1070621	26.90
1070622	26.60
1070625	27.55
1070626	26.95
1070627	29.00
1070628	28.00
1070629	27.85
1070702	27.95
1070703	26.65
1070704	26.65
1070705	26.40
1070706	26.70
1070709	26.60
1070710	26.55
1070711	26.50
1070712	26.65
1070713	27.20
1070716	26.85
1070717	26.40
1070718	26.85
1070719	26.40
1070720	26.55
1070723	26.30
1070724	26.45
1070725	26.50
1070726	26.80
1070727	26.75
1070730	27.40
1070731	27.10
1070801	27.10
1070802	26.75
1070803	27.10
1070806	26.90
1070807	27.45
1070808	28.20
1070809	28.25
1070810	28.85
1070813	29.40
1070814	29.80
1070815	30.20
1070816	30.00
1070817	29.30
1070820	27.90
1070821	28.15
1070822	28.25
1070823	29.65
1070824	29.45
1070827	29.60
1070828	29.30
1070829	28.80
1070830	28.80
1070831	28.70
1070903	28.60
1070904	30.00
1070905	32.50
1070906	31.00
1070907	30.80
1070910	31.35
1070911	31.30
1070912	31.15
1070913	32.60
1070914	34.00
1070917	34.30
1070918	33.00
1070919	32.90
1070920	32.00
1070921	31.15
1070925	31.50
1070926	29.90
1070927	29.40
1070928	30.05
1071001	30.10
1071002	30.00
1071003	30.85
1071004	29.70
1071005	28.80
1071008	26.80
1071009	26.60
1071011	23.95
1071012	24.25
1071015	23.90
1071016	24.75
1071017	24.35
1071018	24.60
1071019	24.50
1071022	25.50
1071023	26.00
1071024	26.95
1071025	26.00
1071026	25.70
1071029	25.25
1071030	24.40
1071031	24.65
1071101	25.20
1071102	25.90
1071105	28.05
1071106	26.95
1071107	29.60
1071108	29.70
1071109	29.30
1071112	29.55
1071113	31.10
1071114	32.90
1071115	32.60
1071116	32.00
1071119	31.00
1071120	30.15
1071121	30.15
1071122	29.80
1071123	29.80
1071126	30.00
1071127	30.20
1071128	31.15
1071129	30.00
1071130	30.45
1071203	33.45
1071204	34.15
1071205	34.50
1071206	32.50
1071207	35.75
1071210	36.40
1071211	40.00
1071212	39.65
1071213	37.75
1071214	37.20
1071217	37.35
1071218	36.30
1071219	35.10
1071220	34.80
1071221	36.30
1071222	35.75
1071224	37.45
1071225	35.15
1071226	32.80
1071227	33.65
1071228	33.80
1080102	34.10
1080103	34.70
1080104	33.50
1080107	34.70
1080108	35.20
1080109	33.50
1080110	34.45
1080111	33.25
1080114	34.30
1080115	34.50
1080116	34.65
1080117	35.55
1080118	36.75
1080121	36.25
1080122	35.20
1080123	35.65
1080124	36.00
1080125	36.00
1080128	36.20
1080129	36.70
1080130	35.95
1080211	37.25
1080212	39.00
1080213	38.10
1080214	38.15
1080215	37.60
1080218	37.50
1080219	38.30
1080220	37.90
1080221	36.85
1080222	36.05
1080225	36.80
1080226	38.50
1080227	37.75
1080304	38.70
1080305	38.15
1080306	37.80
1080307	37.80
1080308	36.30
1080311	36.70
1080312	36.30
1080313	36.30
1080314	36.90
1080315	37.25
1080318	39.30
1080319	39.90
1080320	42.00
1080321	42.15
1080322	44.20
1080325	43.35
1080326	41.50
1080327	44.00
1080328	45.80
1080329	46.60
1080401	45.00
1080402	48.30
1080403	49.20
1080408	51.10
1080409	46.55
1080410	47.95
1080411	46.90
1080412	46.35
1080415	47.05
1080416	48.00
1080417	48.55
1080418	48.15
1080419	52.00
1080422	53.80
1080423	50.60
1080424	51.00
1080425	51.60
1080426	48.70
1080429	45.40
1080430	46.50
1080502	46.50
1080503	46.90
1080506	43.80
1080507	47.50
1080508	48.70
1080509	46.10
1080510	45.30
1080513	45.00
1080514	43.50
1080515	46.80
1080516	45.00
1080517	40.60
1080520	38.15
1080521	38.00
1080522	36.05
1080523	32.75
1080524	31.25
1080527	29.80
1080528	30.35
1080529	31.55
1080530	32.00
1080531	32.70
1080603	32.05
1080604	32.55
1080605	32.65
1080606	31.55
1080610	34.10
1080611	37.50
1080612	37.75
1080613	37.35
1080614	36.50
1080617	36.95
1080618	36.15
1080619	39.35
1080620	38.70
1080621	38.20
1080624	39.10
1080625	38.50
1080626	38.75
1080627	39.55
1080628	39.35
