1070102	15.15
1070103	15.10
1070104	15.15
1070105	15.20
1070108	15.10
1070109	14.80
1070110	14.55
1070111	14.60
1070112	14.60
1070115	14.90
1070116	14.75
1070117	14.80
1070118	15.00
1070119	15.10
1070122	14.80
1070123	14.70
1070124	14.80
1070125	14.75
1070126	14.65
1070129	14.60
1070130	14.95
1070131	14.90
1070201	14.75
1070202	14.70
1070205	14.45
1070206	13.10
1070207	13.40
1070208	13.10
1070209	12.45
1070212	12.70
1070221	13.05
1070222	13.20
1070223	13.35
1070226	13.40
1070227	13.05
1070301	13.10
1070302	13.05
1070305	13.05
1070306	13.10
1070307	13.50
1070308	13.55
1070309	13.40
1070312	13.30
1070313	13.45
1070314	13.55
1070315	14.00
1070316	13.70
1070319	13.80
1070320	13.75
1070321	13.80
1070322	13.60
1070323	13.30
1070326	13.35
1070327	13.35
1070328	13.35
1070329	13.35
1070330	13.35
1070331	13.20
1070402	13.25
1070403	13.00
1070409	13.10
1070410	12.95
1070411	13.00
1070412	12.95
1070413	13.15
1070416	13.15
1070417	13.00
1070418	12.95
1070419	12.95
1070420	12.75
1070423	12.60
1070424	12.10
1070425	12.10
1070426	12.00
1070427	12.00
1070430	12.05
1070502	11.95
1070503	12.05
1070504	12.00
1070507	12.05
1070508	11.95
1070509	11.95
1070510	12.25
1070511	12.40
1070514	12.15
1070515	12.00
1070516	12.00
1070517	11.80
1070518	11.80
1070521	11.85
1070522	11.75
1070523	11.70
1070524	11.90
1070525	11.95
1070528	11.85
1070529	13.00
1070530	14.25
1070531	13.80
1070601	13.50
1070604	13.45
1070605	13.50
1070606	13.55
1070607	14.90
1070608	14.10
1070611	14.05
1070612	13.70
1070613	13.90
1070614	13.65
1070615	13.55
1070619	13.20
1070620	13.00
1070621	13.10
1070622	13.05
1070625	13.30
1070626	13.00
1070627	12.90
1070628	13.00
1070629	13.10
1070702	13.05
1070703	12.60
1070704	12.30
1070705	11.95
1070706	12.45
1070709	12.15
1070710	12.25
1070711	12.20
1070712	12.10
1070713	12.10
1070716	12.30
1070717	12.20
1070718	12.30
1070719	12.25
1070720	12.30
1070723	12.50
1070724	12.65
1070725	12.60
1070726	12.70
1070727	12.85
1070730	12.85
1070731	12.80
1070801	12.80
1070802	12.60
1070803	12.60
1070806	12.50
1070807	12.50
1070808	12.50
1070809	13.05
1070810	13.00
1070813	12.50
1070814	12.60
1070815	12.55
1070816	12.50
1070817	12.50
1070820	12.35
1070821	12.35
1070822	12.40
1070823	12.40
1070824	12.45
1070827	12.50
1070828	12.45
1070829	12.55
1070830	13.40
1070831	13.60
1070903	13.75
1070904	13.80
1070905	13.30
1070906	13.15
1070907	12.85
1070910	12.10
1070911	12.35
1070912	12.20
1070913	12.35
1070914	12.70
1070917	12.55
1070918	12.40
1070919	12.35
1070920	12.15
1070921	12.15
1070925	12.15
1070926	12.30
1070927	12.25
1070928	12.30
1071001	12.25
1071002	12.25
1071003	12.10
1071004	12.10
1071005	11.80
1071008	11.20
1071009	10.60
1071011	9.54
1071012	9.06
1071015	8.88
1071016	9.10
1071017	9.38
1071018	9.74
1071019	10.15
1071022	10.45
1071023	10.30
1071024	10.30
1071025	10.00
1071026	10.00
1071029	9.84
1071030	9.87
1071031	9.99
1071101	10.15
1071102	10.05
1071105	10.00
1071106	10.15
1071107	10.15
1071108	10.10
1071109	10.10
1071112	10.10
1071113	10.00
1071114	10.15
1071115	10.00
1071116	10.10
1071119	10.10
1071120	10.05
1071121	10.10
1071122	10.05
1071123	10.05
1071126	10.10
1071127	10.30
1071128	10.30
1071129	10.25
1071130	10.30
1071203	10.45
1071204	10.40
1071205	10.20
1071206	9.90
1071207	10.00
1071210	9.87
1071211	9.88
1071212	9.85
1071213	9.70
1071214	9.37
1071217	9.38
1071218	9.49
1071219	9.51
1071220	9.55
1071221	9.53
1071222	9.50
1071224	9.60
1071225	9.56
1071226	9.57
1071227	9.71
1071228	9.66
1080102	9.67
1080103	9.70
1080104	9.59
1080107	9.58
1080108	9.54
1080109	9.58
1080110	9.34
1080111	9.23
1080114	9.22
1080115	9.17
1080116	9.18
1080117	9.23
1080118	9.23
1080121	9.25
1080122	9.20
1080123	9.23
1080124	9.21
1080125	9.46
1080128	9.33
1080129	9.29
1080130	9.27
1080211	9.28
1080212	9.20
1080213	9.17
1080214	9.30
1080215	9.29
1080218	9.37
1080219	9.34
1080220	9.39
1080221	10.30
1080222	10.80
1080225	10.95
1080226	10.50
1080227	10.40
1080304	10.40
1080305	10.45
1080306	10.50
1080307	10.25
1080308	10.30
1080311	10.35
1080312	10.70
1080313	10.35
1080314	10.25
1080315	10.25
1080318	10.05
1080319	10.00
1080320	9.93
1080321	9.93
1080322	10.00
1080325	9.81
1080326	9.78
1080327	9.83
1080328	9.70
1080329	9.74
1080401	9.71
1080402	9.71
1080403	9.71
1080408	9.80
1080409	9.87
1080410	9.90
1080411	10.00
1080412	10.05
1080415	10.05
1080416	10.05
1080417	10.00
1080418	9.84
1080419	9.83
1080422	9.90
1080423	9.84
1080424	9.78
1080425	9.75
1080426	9.58
1080429	9.55
1080430	9.45
1080502	9.37
1080503	9.38
1080506	9.27
1080507	9.25
1080508	9.14
1080509	9.03
1080510	8.98
1080513	8.95
1080514	8.95
1080515	9.01
1080516	9.10
1080517	8.88
1080520	8.92
1080521	9.02
1080522	9.09
1080523	9.00
1080524	9.05
1080527	9.10
1080528	9.08
1080529	9.05
1080530	9.22
1080531	9.21
1080603	9.00
1080604	9.01
1080605	9.02
1080606	8.89
1080610	8.88
1080611	8.88
1080612	8.88
1080613	8.89
1080614	8.81
1080617	8.82
1080618	8.82
1080619	8.87
1080620	8.88
1080621	8.89
1080624	9.07
1080625	9.00
1080626	9.08
1080627	9.08
1080628	9.06
1080701	9.01
1080702	9.01
1080703	8.98
1080704	9.00
1080705	9.00
