1070102	15.75
1070103	14.20
1070104	12.80
1070105	14.05
1070108	14.40
1070109	13.45
1070110	13.85
1070111	13.65
1070112	13.50
1070115	13.75
1070116	13.80
1070117	14.05
1070118	13.75
1070119	13.90
1070122	12.75
1070123	12.60
1070124	12.65
1070125	12.50
1070126	12.55
1070129	12.20
1070130	11.40
1070131	10.85
1070201	11.90
1070202	13.05
1070205	13.95
1070206	12.65
1070207	12.80
1070208	12.25
1070209	11.65
1070212	11.45
1070221	11.75
1070222	11.95
1070223	11.90
1070226	12.00
1070227	12.00
1070301	13.20
1070302	13.05
1070305	12.70
1070306	12.50
1070307	12.30
1070308	12.35
1070309	12.00
1070312	11.90
1070313	11.75
1070314	11.75
1070315	12.05
1070316	12.10
1070319	12.00
1070320	12.55
1070321	12.85
1070322	12.60
1070323	12.15
1070326	12.15
1070327	12.05
1070328	12.20
1070329	12.05
1070330	12.05
1070331	12.00
1070402	11.85
1070403	11.55
1070409	10.90
1070410	10.05
1070411	10.30
1070412	10.60
1070413	10.85
1070416	10.35
1070417	10.20
1070418	10.40
1070419	10.40
1070420	10.40
1070423	10.40
1070424	10.25
1070425	10.25
1070426	10.25
1070427	10.05
1070430	10.05
1070502	9.83
1070503	9.31
1070504	9.35
1070507	9.60
1070508	9.60
1070509	9.60
1070510	9.34
1070511	8.95
1070514	8.10
1070515	8.20
1070516	8.30
1070517	8.27
1070518	8.15
1070521	8.24
1070522	8.25
1070523	8.21
1070524	8.20
1070525	8.10
1070528	8.14
1070529	8.11
1070530	8.03
1070531	8.08
1070601	8.19
1070604	9.00
1070605	9.90
1070606	10.85
1070607	11.35
1070608	10.85
1070611	10.20
1070612	10.25
1070613	9.72
1070614	9.70
1070615	9.60
1070619	9.61
1070620	9.31
1070621	9.60
1070622	9.51
1070625	9.44
1070626	9.27
1070627	9.18
1070628	9.16
1070629	9.22
1070702	9.07
1070703	9.03
1070704	9.03
1070705	9.01
1070706	9.02
1070709	9.03
1070710	9.06
1070711	9.15
1070712	9.20
1070713	9.20
1070716	9.15
1070717	9.20
1070718	9.00
1070719	8.99
1070720	9.12
1070723	9.28
1070724	9.24
1070725	9.24
1070726	9.23
1070727	9.11
1070730	9.09
1070731	9.12
1070801	9.18
1070802	9.18
1070803	9.19
1070806	9.11
1070807	9.11
1070808	9.12
1070809	9.12
1070810	9.11
1070813	9.02
1070814	9.10
1070815	9.08
1070816	9.03
1070817	9.02
1070820	9.08
1070821	9.07
1070822	9.04
1070823	9.13
1070824	9.07
1070827	9.24
1070828	9.15
1070829	9.07
1070830	9.07
1070831	9.15
1070903	9.14
1070904	9.16
1070905	9.12
1070906	9.10
1070907	9.08
1070910	9.55
1070911	9.50
1070912	10.45
1070913	10.50
1070914	10.60
1070917	11.65
1070918	12.20
1070919	12.00
1070920	12.20
1070921	12.40
1070925	11.50
1070926	11.55
1070927	11.40
1070928	11.35
1071001	11.30
1071002	11.40
1071003	11.15
1071004	11.30
1071005	11.15
1071008	10.90
1071009	10.65
1071011	9.68
1071012	9.90
1071015	9.98
1071016	10.00
1071017	10.00
1071018	9.97
1071019	9.87
1071022	9.99
1071023	9.97
1071024	9.77
1071025	9.58
1071026	9.47
1071029	9.44
1071030	9.60
1071031	9.58
1071101	9.60
1071102	9.75
1071105	9.75
1071106	9.65
1071107	9.78
1071108	9.71
1071109	9.76
1071112	9.63
1071113	9.74
1071114	9.68
1071115	9.77
1071116	9.72
1071119	10.20
1071120	10.10
1071121	10.00
1071122	9.95
1071123	9.79
1071126	9.80
1071127	10.00
1071128	10.15
1071129	9.97
1071130	10.10
1071203	10.10
1071204	10.05
1071205	10.10
1071206	9.97
1071207	10.05
1071210	9.99
1071211	9.98
1071212	9.98
1071213	10.00
1071214	10.00
1071217	10.00
1071218	10.00
1071219	10.00
1071220	10.00
1071221	10.15
1071222	10.10
1071224	10.60
1071225	10.60
1071226	10.45
1071227	10.45
1071228	10.50
1080102	10.85
1080103	11.00
1080104	10.80
1080107	10.90
1080108	11.00
1080109	11.20
1080110	11.15
1080111	10.95
1080114	10.90
1080115	10.85
1080116	10.70
1080117	10.75
1080118	10.75
1080121	10.70
1080122	10.75
1080123	10.75
1080124	10.95
1080125	11.00
1080128	11.30
1080129	11.10
1080130	11.10
1080211	11.10
1080212	11.15
1080213	11.05
1080214	11.05
1080215	10.95
1080218	10.95
1080219	11.40
1080220	11.30
1080221	11.10
1080222	11.15
1080225	11.20
1080226	11.30
1080227	11.65
1080304	12.80
1080305	12.90
1080306	12.95
1080307	13.35
1080308	13.40
1080311	13.30
1080312	12.75
1080313	12.85
1080314	12.60
1080315	13.20
1080318	13.05
1080319	12.45
1080320	11.90
1080321	12.25
1080322	11.90
1080325	11.90
1080326	12.00
1080327	12.40
1080328	12.35
1080329	12.35
1080401	12.00
1080402	12.15
1080403	12.10
1080408	12.00
1080409	11.90
1080410	11.70
1080411	11.40
1080412	11.50
1080415	11.20
1080416	11.10
1080417	11.10
1080418	10.90
1080419	10.80
1080422	10.70
1080423	10.70
1080424	10.60
1080425	11.00
1080426	11.05
1080429	10.85
1080430	10.55
1080502	10.65
1080503	10.70
1080506	10.35
1080507	10.35
1080508	--
1080509	10.35
1080510	10.55
1080513	10.00
1080514	10.00
1080515	10.30
1080516	9.91
1080517	10.30
1080520	9.90
1080521	9.90
1080522	10.80
1080523	--
1080524	10.20
1080527	9.99
1080528	9.85
1080529	9.78
1080530	10.15
1080531	9.85
1080603	--
1080604	10.15
1080605	10.10
1080606	10.00
1080610	--
1080611	9.95
1080612	9.99
1080613	--
1080614	9.68
1080617	--
1080618	10.10
1080619	10.15
1080620	10.25
1080621	10.10
1080624	10.15
1080625	9.95
1080626	10.20
1080627	10.20
1080628	9.95
1080701	10.00
1080702	10.05
1080703	10.00
1080704	10.35
1080705	10.15
