1070102	19.05
1070103	18.50
1070104	20.35
1070105	20.00
1070108	18.45
1070109	18.25
1070110	18.70
1070111	18.80
1070112	18.45
1070115	19.25
1070116	18.85
1070117	18.95
1070118	18.65
1070119	18.25
1070122	17.20
1070123	17.10
1070124	17.10
1070125	16.15
1070126	16.00
1070129	16.00
1070130	16.60
1070131	16.85
1070201	16.80
1070202	16.75
1070205	16.30
1070206	14.70
1070207	15.00
1070208	14.50
1070209	14.80
1070212	14.10
1070221	15.45
1070222	15.05
1070223	15.25
1070226	14.80
1070227	15.00
1070301	14.90
1070302	14.90
1070305	14.50
1070306	14.40
1070307	14.40
1070308	14.35
1070309	14.40
1070312	13.90
1070313	13.90
1070314	14.20
1070315	15.60
1070316	15.10
1070319	15.45
1070320	15.85
1070321	15.90
1070322	15.00
1070323	14.55
1070326	14.65
1070327	14.70
1070328	14.55
1070329	14.55
1070330	14.65
1070331	14.95
1070402	14.80
1070403	14.70
1070409	14.60
1070410	14.20
1070411	14.00
1070412	14.10
1070413	14.15
1070416	14.70
1070417	14.35
1070418	14.55
1070419	14.70
1070420	14.30
1070423	13.95
1070424	13.50
1070425	13.55
1070426	13.20
1070427	13.20
1070430	13.35
1070502	13.45
1070503	13.30
1070504	13.50
1070507	13.80
1070508	13.65
1070509	13.55
1070510	13.80
1070511	13.35
1070514	12.95
1070515	12.95
1070516	12.60
1070517	12.85
1070518	12.90
1070521	13.05
1070522	12.90
1070523	13.15
1070524	13.35
1070525	13.40
1070528	13.40
1070529	13.50
1070530	14.05
1070531	13.75
1070601	14.15
1070604	14.15
1070605	14.40
1070606	14.50
1070607	14.50
1070608	14.30
1070611	14.10
1070612	13.95
1070613	14.05
1070614	13.95
1070615	14.35
1070619	13.70
1070620	13.60
1070621	13.70
1070622	13.65
1070625	13.55
1070626	13.35
1070627	13.55
1070628	13.55
1070629	13.75
1070702	13.75
1070703	13.25
1070704	13.20
1070705	12.70
1070706	12.40
1070709	12.55
1070710	12.50
1070711	12.40
1070712	12.40
1070713	12.75
1070716	12.80
1070717	12.75
1070718	13.00
1070719	12.95
1070720	12.90
1070723	12.70
1070724	12.85
1070725	12.90
1070726	12.90
1070727	12.95
1070730	13.30
1070731	13.10
1070801	13.10
1070802	13.00
1070803	12.90
1070806	12.95
1070807	12.85
1070808	12.80
1070809	12.80
1070810	12.65
1070813	11.75
1070814	11.85
1070815	11.80
1070816	11.70
1070817	11.65
1070820	11.40
1070821	11.40
1070822	11.30
1070823	11.35
1070824	11.30
1070827	11.40
1070828	11.45
1070829	11.75
1070830	11.80
1070831	11.95
1070903	11.70
1070904	12.10
1070905	11.85
1070906	11.80
1070907	11.65
1070910	10.80
1070911	10.30
1070912	10.25
1070913	10.15
1070914	10.20
1070917	10.20
1070918	10.20
1070919	10.30
1070920	10.25
1070921	10.20
1070925	10.30
1070926	10.75
1070927	10.60
1070928	10.50
1071001	10.50
1071002	10.45
1071003	10.45
1071004	10.45
1071005	10.00
1071008	9.83
1071009	10.00
1071011	9.00
1071012	9.10
1071015	9.12
1071016	9.19
1071017	9.26
1071018	9.12
1071019	9.20
1071022	9.24
1071023	9.40
1071024	9.55
1071025	9.22
1071026	9.14
1071029	8.99
1071030	9.00
1071031	9.14
1071101	9.30
1071102	9.31
1071105	9.30
1071106	9.30
1071107	9.38
1071108	9.36
1071109	9.60
1071112	9.42
1071113	10.05
1071114	10.10
1071115	10.45
1071116	10.85
1071119	10.50
1071120	10.30
1071121	10.30
1071122	10.20
1071123	10.05
1071126	10.20
1071127	10.25
1071128	10.25
1071129	10.25
1071130	10.20
1071203	10.55
1071204	11.30
1071205	11.10
1071206	10.50
1071207	10.65
1071210	10.50
1071211	11.55
1071212	11.35
1071213	11.25
1071214	11.20
1071217	11.10
1071218	11.10
1071219	11.00
1071220	10.75
1071221	10.65
1071222	10.60
1071224	10.75
1071225	10.80
1071226	10.70
1071227	10.80
1071228	10.80
1080102	10.75
1080103	11.20
1080104	11.10
1080107	11.20
1080108	11.00
1080109	10.95
1080110	10.90
1080111	10.60
1080114	10.65
1080115	10.80
1080116	10.85
1080117	10.70
1080118	10.75
1080121	10.80
1080122	10.70
1080123	10.65
1080124	10.65
1080125	10.60
1080128	10.70
1080129	10.55
1080130	10.55
1080211	10.60
1080212	10.70
1080213	10.65
1080214	10.95
1080215	10.70
1080218	10.90
1080219	11.00
1080220	11.75
1080221	12.40
1080222	12.15
1080225	12.05
1080226	12.05
1080227	12.10
1080304	11.90
1080305	11.95
1080306	11.80
1080307	11.70
1080308	11.65
1080311	11.60
1080312	12.15
1080313	12.00
1080314	11.75
1080315	11.75
1080318	11.90
1080319	12.45
1080320	12.25
1080321	13.45
1080322	13.35
1080325	12.90
1080326	12.85
1080327	12.90
1080328	12.70
1080329	12.70
1080401	12.75
1080402	12.75
1080403	12.70
1080408	12.85
1080409	13.10
1080410	12.90
1080411	12.50
1080412	12.40
1080415	12.50
1080416	12.80
1080417	12.65
1080418	12.55
1080419	12.55
1080422	12.70
1080423	12.75
1080424	12.60
1080425	12.70
1080426	12.40
1080429	12.15
1080430	12.15
1080502	12.70
1080503	12.50
1080506	12.15
1080507	12.15
1080508	11.95
1080509	11.55
1080510	11.35
1080513	11.30
1080514	11.40
1080515	11.20
1080516	11.05
1080517	11.00
1080520	10.95
1080521	11.00
1080522	11.10
1080523	11.00
1080524	11.15
1080527	11.00
1080528	10.95
1080529	11.15
1080530	11.15
1080531	11.25
1080603	11.25
1080604	11.15
1080605	11.00
1080606	11.00
1080610	11.10
1080611	11.35
1080612	11.40
1080613	11.30
1080614	11.30
1080617	11.30
1080618	11.25
1080619	11.20
1080620	11.25
1080621	11.35
1080624	11.35
1080625	11.30
1080626	11.40
1080627	11.45
1080628	11.45
1080701	11.45
1080702	11.45
1080703	11.40
1080704	11.55
1080705	11.70
