1070102	45.10
1070103	45.95
1070104	46.35
1070105	46.35
1070108	45.75
1070109	45.40
1070110	45.50
1070111	45.50
1070112	45.80
1070115	46.80
1070116	47.30
1070117	48.30
1070118	50.00
1070119	50.00
1070122	50.80
1070123	50.30
1070124	50.60
1070125	50.50
1070126	50.50
1070129	51.00
1070130	50.50
1070131	50.30
1070201	50.00
1070202	50.10
1070205	49.90
1070206	48.00
1070207	48.15
1070208	48.65
1070209	48.00
1070212	49.90
1070221	50.40
1070222	50.50
1070223	50.30
1070226	50.70
1070227	51.30
1070301	53.40
1070302	54.00
1070305	53.30
1070306	53.10
1070307	52.60
1070308	52.70
1070309	52.30
1070312	52.10
1070313	52.50
1070314	52.50
1070315	52.70
1070316	53.30
1070319	53.50
1070320	53.60
1070321	53.40
1070322	52.90
1070323	52.00
1070326	53.00
1070327	53.20
1070328	53.70
1070329	53.70
1070330	53.80
1070331	54.50
1070402	54.50
1070403	54.30
1070409	55.20
1070410	55.40
1070411	55.00
1070412	54.10
1070413	52.90
1070416	53.20
1070417	53.10
1070418	53.50
1070419	54.00
1070420	54.60
1070423	54.80
1070424	--
1070425	54.20
1070426	54.80
1070427	54.70
1070430	54.70
1070502	54.40
1070503	54.50
1070504	54.90
1070507	55.10
1070508	54.00
1070509	54.10
1070510	54.10
1070511	54.10
1070514	53.80
1070515	54.20
1070516	54.00
1070517	54.30
1070518	55.00
1070521	54.30
1070522	54.20
1070523	--
1070524	54.20
1070525	54.60
1070528	54.10
1070529	55.10
1070530	54.70
1070531	54.70
1070601	54.60
1070604	54.60
1070605	54.70
1070606	55.00
1070607	55.00
1070608	55.00
1070611	55.40
1070612	55.50
1070613	56.50
1070614	56.60
1070615	57.80
1070619	57.50
1070620	57.50
1070621	57.90
1070622	57.90
1070625	57.90
1070626	57.90
1070627	58.60
1070628	58.60
1070629	59.30
1070702	59.50
1070703	59.50
1070704	59.00
1070705	59.00
1070706	59.00
1070709	57.00
1070710	57.40
1070711	55.90
1070712	55.80
1070713	56.60
1070716	56.20
1070717	57.30
1070718	57.20
1070719	56.60
1070720	55.90
1070723	55.90
1070724	--
1070725	56.40
1070726	56.00
1070727	54.60
1070730	56.00
1070731	54.70
1070801	54.50
1070802	54.60
1070803	--
1070806	55.40
1070807	54.70
1070808	54.50
1070809	54.90
1070810	54.50
1070813	53.90
1070814	55.00
1070815	--
1070816	54.70
1070817	54.10
1070820	54.60
1070821	54.60
1070822	54.70
1070823	54.50
1070824	54.50
1070827	55.00
1070828	55.20
1070829	55.30
1070830	54.80
1070831	55.40
1070903	54.50
1070904	56.00
1070905	55.00
1070906	55.00
1070907	54.50
1070910	54.40
1070911	54.30
1070912	54.50
1070913	54.50
1070914	54.60
1070917	55.30
1070918	56.00
1070919	--
1070920	55.00
1070921	54.90
1070925	54.60
1070926	54.40
1070927	54.30
1070928	54.90
1071001	54.90
1071002	54.40
1071003	54.60
1071004	54.70
1071005	54.00
1071008	54.10
1071009	54.00
1071011	51.00
1071012	51.20
1071015	50.80
1071016	50.50
1071017	51.00
1071018	51.00
1071019	51.70
1071022	50.50
1071023	51.30
1071024	51.50
1071025	50.00
1071026	50.20
1071029	49.70
1071030	50.00
1071031	50.70
1071101	51.60
1071102	52.30
1071105	51.10
1071106	51.00
1071107	51.00
1071108	51.00
1071109	51.40
1071112	--
1071113	53.20
1071114	51.20
1071115	51.00
1071116	50.10
1071119	50.20
1071120	50.00
1071121	50.00
1071122	49.55
1071123	49.90
1071126	49.50
1071127	53.00
1071128	49.95
1071129	50.10
1071130	50.00
1071203	50.50
1071204	50.70
1071205	50.10
1071206	50.40
1071207	50.20
1071210	52.60
1071211	52.30
1071212	52.20
1071213	51.20
1071214	51.70
1071217	50.60
1071218	51.00
1071219	51.00
1071220	51.10
1071221	51.00
1071222	50.90
1071224	51.10
1071225	50.10
1071226	51.00
1071227	50.80
1071228	51.10
1080102	50.80
1080103	50.40
1080104	50.30
1080107	50.60
1080108	51.80
1080109	51.40
1080110	50.80
1080111	50.60
1080114	50.90
1080115	51.00
1080116	51.10
1080117	51.70
1080118	51.50
1080121	51.60
1080122	51.80
1080123	52.30
1080124	52.90
1080125	52.00
1080128	53.30
1080129	52.80
1080130	52.60
1080211	52.70
1080212	52.70
1080213	52.00
1080214	52.10
1080215	52.80
1080218	53.40
1080219	53.90
1080220	53.90
1080221	53.90
1080222	53.90
1080225	53.80
1080226	54.70
1080227	55.90
1080304	58.50
1080305	58.20
1080306	57.60
1080307	57.60
1080308	57.60
1080311	59.00
1080312	59.00
1080313	59.30
1080314	59.20
1080315	59.30
1080318	58.50
1080319	59.50
1080320	59.60
1080321	59.20
1080322	59.00
1080325	58.50
1080326	58.20
1080327	58.50
1080328	59.00
1080329	58.80
1080401	58.60
1080402	59.30
1080403	59.00
1080408	58.60
1080409	58.00
1080410	58.00
1080411	57.50
1080412	--
1080415	56.90
1080416	57.70
1080417	--
1080418	58.80
1080419	58.00
1080422	58.50
1080423	57.50
1080424	58.90
1080425	58.00
1080426	57.90
1080429	57.20
1080430	57.50
1080502	58.40
1080503	58.30
1080506	57.40
1080507	57.40
1080508	--
1080509	57.80
1080510	58.00
1080513	58.30
1080514	58.10
1080515	58.60
1080516	58.60
1080517	58.70
1080520	59.40
1080521	59.90
1080522	59.90
1080523	60.00
1080524	60.20
1080527	60.30
1080528	60.00
1080529	60.40
1080530	60.50
1080531	60.50
1080603	60.90
1080604	60.20
1080605	60.00
1080606	59.60
1080610	59.80
1080611	59.60
1080612	59.70
1080613	59.90
1080614	59.80
1080617	60.00
1080618	59.80
1080619	60.20
1080620	60.00
1080621	55.70
1080624	55.50
1080625	55.40
1080626	56.00
1080627	56.00
1080628	56.40
1080701	55.90
1080702	56.00
1080703	56.20
1080704	56.00
1080705	55.80
