1070102	10.50
1070103	10.50
1070104	10.35
1070105	10.60
1070108	10.45
1070109	10.60
1070110	10.70
1070111	10.60
1070112	10.55
1070115	10.50
1070116	10.40
1070117	10.30
1070118	10.35
1070119	10.25
1070122	10.30
1070123	10.40
1070124	10.35
1070125	10.45
1070126	10.50
1070129	10.50
1070130	10.35
1070131	10.30
1070201	10.25
1070202	10.25
1070205	10.20
1070206	9.49
1070207	9.60
1070208	9.68
1070209	9.56
1070212	9.64
1070221	9.84
1070222	9.86
1070223	9.93
1070226	10.05
1070227	9.97
1070301	10.00
1070302	9.96
1070305	9.96
1070306	9.92
1070307	9.94
1070308	9.90
1070309	9.88
1070312	9.88
1070313	10.05
1070314	10.10
1070315	10.00
1070316	9.93
1070319	9.99
1070320	9.92
1070321	9.92
1070322	9.91
1070323	9.79
1070326	9.80
1070327	9.83
1070328	9.80
1070329	9.80
1070330	9.81
1070331	9.82
1070402	9.81
1070403	9.81
1070409	9.84
1070410	9.86
1070411	9.85
1070412	9.85
1070413	9.90
1070416	9.85
1070417	9.82
1070418	9.82
1070419	9.83
1070420	9.84
1070423	9.80
1070424	9.78
1070425	9.77
1070426	9.81
1070427	9.82
1070430	9.81
1070502	9.81
1070503	9.81
1070504	9.84
1070507	9.81
1070508	9.80
1070509	9.83
1070510	9.82
1070511	9.78
1070514	9.78
1070515	9.75
1070516	9.74
1070517	9.71
1070518	9.73
1070521	9.74
1070522	9.73
1070523	9.70
1070524	9.69
1070525	9.61
1070528	9.60
1070529	9.65
1070530	9.80
1070531	9.86
1070601	9.84
1070604	9.80
1070605	9.75
1070606	9.81
1070607	9.75
1070608	9.75
1070611	9.75
1070612	9.72
1070613	9.70
1070614	9.75
1070615	9.73
1070619	9.67
1070620	9.64
1070621	9.67
1070622	9.68
1070625	9.74
1070626	9.75
1070627	9.74
1070628	9.73
1070629	9.74
1070702	9.62
1070703	9.50
1070704	9.43
1070705	9.48
1070706	9.50
1070709	9.49
1070710	9.60
1070711	9.56
1070712	9.63
1070713	9.62
1070716	9.63
1070717	9.67
1070718	9.69
1070719	9.67
1070720	9.68
1070723	9.68
1070724	9.62
1070725	9.62
1070726	9.75
1070727	9.70
1070730	9.67
1070731	9.72
1070801	9.72
1070802	9.70
1070803	9.70
1070806	9.66
1070807	9.67
1070808	9.70
1070809	9.70
1070810	9.70
1070813	9.68
1070814	9.59
1070815	9.55
1070816	9.61
1070817	9.63
1070820	9.60
1070821	9.59
1070822	9.64
1070823	9.72
1070824	9.73
1070827	9.73
1070828	9.73
1070829	9.69
1070830	9.68
1070831	9.65
1070903	9.59
1070904	9.51
1070905	9.50
1070906	9.52
1070907	9.45
1070910	9.44
1070911	9.46
1070912	9.49
1070913	9.41
1070914	9.48
1070917	9.52
1070918	9.47
1070919	9.50
1070920	9.53
1070921	9.48
1070925	9.49
1070926	9.48
1070927	9.57
1070928	9.52
1071001	9.53
1071002	9.52
1071003	9.54
1071004	9.43
1071005	9.39
1071008	9.36
1071009	9.47
1071011	9.30
1071012	9.32
1071015	9.25
1071016	9.42
1071017	9.23
1071018	9.16
1071019	9.10
1071022	9.13
1071023	8.96
1071024	8.90
1071025	8.77
1071026	8.76
1071029	8.74
1071030	8.60
1071031	8.68
1071101	8.76
1071102	8.70
1071105	8.67
1071106	8.68
1071107	8.71
1071108	8.77
1071109	8.80
1071112	8.79
1071113	8.76
1071114	8.74
1071115	8.69
1071116	8.73
1071119	8.74
1071120	8.76
1071121	8.95
1071122	8.87
1071123	8.99
1071126	9.06
1071127	9.15
1071128	9.18
1071129	9.19
1071130	9.12
1071203	9.34
1071204	9.37
1071205	9.33
1071206	9.20
1071207	9.23
1071210	9.12
1071211	9.09
1071212	9.15
1071213	9.15
1071214	9.10
1071217	9.15
1071218	9.12
1071219	9.22
1071220	9.20
1071221	9.29
1071222	9.19
1071224	9.27
1071225	9.27
1071226	9.21
1071227	9.32
1071228	9.37
1080102	9.39
1080103	9.37
1080104	9.30
1080107	9.38
1080108	9.36
1080109	9.45
1080110	9.45
1080111	9.42
1080114	9.30
1080115	9.37
1080116	9.41
1080117	9.42
1080118	9.48
1080121	9.46
1080122	9.43
1080123	9.36
1080124	9.35
1080125	9.25
1080128	9.30
1080129	9.33
1080130	9.23
1080211	9.37
1080212	9.34
1080213	9.25
1080214	9.30
1080215	9.30
1080218	9.28
1080219	9.37
1080220	9.27
1080221	9.30
1080222	9.30
1080225	9.29
1080226	9.30
1080227	9.29
1080304	9.34
1080305	9.34
1080306	9.29
1080307	9.28
1080308	9.32
1080311	9.34
1080312	9.37
1080313	9.37
1080314	9.37
1080315	9.42
1080318	9.30
1080319	9.35
1080320	9.34
1080321	9.45
1080322	9.63
1080325	9.59
1080326	9.60
1080327	9.60
1080328	9.56
1080329	9.58
1080401	9.55
1080402	9.57
1080403	9.52
1080408	9.53
1080409	9.55
1080410	9.63
1080411	9.63
1080412	9.67
1080415	9.60
1080416	9.64
1080417	9.58
1080418	9.62
1080419	9.60
1080422	9.59
1080423	9.49
1080424	9.52
1080425	9.54
1080426	9.55
1080429	9.54
1080430	9.55
1080502	9.55
1080503	9.56
1080506	9.46
1080507	9.50
1080508	9.50
1080509	9.48
1080510	9.49
1080513	9.44
1080514	9.53
1080515	9.54
1080516	10.00
1080517	9.90
1080520	9.94
1080521	9.95
1080522	9.99
1080523	10.00
1080524	9.97
1080527	10.00
1080528	10.05
1080529	10.10
1080530	9.98
1080531	10.05
1080603	10.10
1080604	10.05
1080605	10.10
1080606	10.10
1080610	10.05
1080611	10.00
1080612	10.00
1080613	9.99
1080614	9.94
1080617	9.97
1080618	9.98
1080619	9.90
1080620	9.95
1080621	9.99
1080624	9.98
1080625	9.99
1080626	9.99
1080627	9.98
1080628	9.97
