1070102	52.70
1070103	52.70
1070104	52.60
1070105	52.90
1070108	53.40
1070109	53.60
1070110	53.40
1070111	53.10
1070112	53.20
1070115	53.90
1070116	54.40
1070117	54.30
1070118	54.30
1070119	53.90
1070122	54.20
1070123	54.20
1070124	53.90
1070125	54.00
1070126	54.00
1070129	54.30
1070130	54.20
1070131	54.10
1070201	54.00
1070202	53.90
1070205	53.70
1070206	52.40
1070207	52.80
1070208	52.60
1070209	52.30
1070212	53.00
1070221	52.80
1070222	52.80
1070223	53.00
1070226	53.20
1070227	53.20
1070301	53.20
1070302	53.20
1070305	53.00
1070306	53.00
1070307	53.20
1070308	53.10
1070309	53.30
1070312	53.60
1070313	53.60
1070314	53.50
1070315	53.80
1070316	53.70
1070319	53.50
1070320	53.40
1070321	53.30
1070322	53.30
1070323	54.00
1070326	54.00
1070327	54.10
1070328	54.10
1070329	54.40
1070330	54.60
1070331	54.60
1070402	54.30
1070403	54.50
1070409	54.30
1070410	54.70
1070411	54.70
1070412	54.80
1070413	54.90
1070416	55.20
1070417	54.70
1070418	55.00
1070419	54.80
1070420	55.20
1070423	55.50
1070424	55.30
1070425	55.00
1070426	54.40
1070427	55.00
1070430	55.10
1070502	55.20
1070503	55.30
1070504	55.20
1070507	56.20
1070508	56.10
1070509	56.90
1070510	57.40
1070511	57.90
1070514	58.50
1070515	58.40
1070516	59.00
1070517	58.90
1070518	58.30
1070521	58.40
1070522	58.80
1070523	58.60
1070524	58.80
1070525	58.60
1070528	58.50
1070529	58.40
1070530	58.40
1070531	58.50
1070601	59.20
1070604	59.20
1070605	59.30
1070606	59.40
1070607	59.60
1070608	59.10
1070611	58.60
1070612	58.30
1070613	58.20
1070614	57.80
1070615	58.30
1070619	58.80
1070620	59.30
1070621	59.50
1070622	59.40
1070625	59.00
1070626	58.50
1070627	58.90
1070628	58.20
1070629	58.00
1070702	58.00
1070703	53.80
1070704	53.30
1070705	53.20
1070706	53.30
1070709	53.60
1070710	54.80
1070711	55.30
1070712	56.10
1070713	55.80
1070716	56.60
1070717	57.30
1070718	56.90
1070719	57.00
1070720	56.50
1070723	56.60
1070724	57.00
1070725	57.20
1070726	57.10
1070727	57.10
1070730	57.10
1070731	56.80
1070801	57.20
1070802	56.70
1070803	57.00
1070806	57.20
1070807	57.20
1070808	57.20
1070809	57.30
1070810	57.20
1070813	57.70
1070814	58.50
1070815	58.70
1070816	58.60
1070817	58.70
1070820	58.60
1070821	58.70
1070822	58.90
1070823	58.90
1070824	58.40
1070827	58.80
1070828	58.80
1070829	59.00
1070830	58.80
1070831	58.80
1070903	58.60
1070904	58.30
1070905	58.00
1070906	57.40
1070907	56.80
1070910	56.60
1070911	58.10
1070912	58.40
1070913	59.00
1070914	58.70
1070917	58.30
1070918	58.20
1070919	58.10
1070920	57.90
1070921	58.10
1070925	58.10
1070926	58.10
1070927	58.10
1070928	58.40
1071001	58.90
1071002	58.40
1071003	58.40
1071004	58.10
1071005	57.70
1071008	57.60
1071009	58.00
1071011	56.40
1071012	57.40
1071015	57.40
1071016	57.10
1071017	57.10
1071018	57.00
1071019	58.20
1071022	58.00
1071023	57.30
1071024	57.10
1071025	56.60
1071026	55.70
1071029	56.30
1071030	56.70
1071031	57.40
1071101	57.20
1071102	57.00
1071105	57.00
1071106	57.00
1071107	57.60
1071108	57.60
1071109	57.80
1071112	58.00
1071113	57.70
1071114	58.00
1071115	58.00
1071116	57.90
1071119	58.00
1071120	57.90
1071121	58.30
1071122	58.00
1071123	58.00
1071126	58.10
1071127	58.20
1071128	58.30
1071129	58.00
1071130	58.00
1071203	58.30
1071204	58.30
1071205	58.30
1071206	57.90
1071207	58.20
1071210	58.30
1071211	58.20
1071212	58.10
1071213	57.90
1071214	57.90
1071217	57.80
1071218	57.90
1071219	57.90
1071220	57.80
1071221	57.80
1071222	57.90
1071224	57.60
1071225	57.50
1071226	57.60
1071227	57.90
1071228	57.90
1080102	58.00
1080103	57.70
1080104	58.00
1080107	58.60
1080108	58.90
1080109	59.70
1080110	59.90
1080111	59.90
1080114	60.00
1080115	61.40
1080116	62.70
1080117	62.10
1080118	61.90
1080121	62.30
1080122	62.30
1080123	62.50
1080124	63.00
1080125	63.30
1080128	64.90
1080129	64.20
1080130	64.80
1080211	65.00
1080212	65.40
1080213	64.70
1080214	64.60
1080215	64.50
1080218	64.90
1080219	65.70
1080220	66.00
1080221	67.20
1080222	--
1080225	64.30
1080226	64.70
1080227	64.50
1080304	64.20
1080305	63.50
1080306	63.70
1080307	63.50
1080308	64.10
1080311	64.00
1080312	63.90
1080313	64.10
1080314	64.10
1080315	64.20
1080318	63.90
1080319	64.00
1080320	63.90
1080321	64.00
1080322	64.10
1080325	64.10
1080326	64.10
1080327	64.00
1080328	64.10
1080329	64.30
1080401	64.40
1080402	64.80
1080403	64.70
1080408	65.20
1080409	65.20
1080410	65.00
1080411	64.80
1080412	64.80
1080415	65.00
1080416	64.80
1080417	64.80
1080418	64.70
1080419	64.80
1080422	65.10
1080423	65.10
1080424	65.10
1080425	65.50
1080426	65.50
1080429	65.40
1080430	65.40
1080502	65.50
1080503	65.20
1080506	65.10
1080507	65.20
1080508	65.10
1080509	65.10
1080510	65.10
1080513	64.60
1080514	65.70
1080515	65.70
1080516	65.70
1080517	66.30
1080520	66.70
1080521	66.70
1080522	66.80
1080523	66.60
1080524	66.80
1080527	67.00
1080528	66.80
1080529	66.50
1080530	66.60
1080531	66.70
1080603	66.60
1080604	66.30
1080605	66.30
1080606	66.40
1080610	66.40
1080611	66.40
1080612	66.40
1080613	66.60
1080614	66.70
1080617	66.80
1080618	67.00
1080619	67.00
1080620	67.30
1080621	67.30
1080624	67.40
1080625	67.30
1080626	66.90
1080627	66.70
1080628	66.50
